Exec pb:
a --> 47 25 1 19 32 12 42 7 39 48 10 17 23 36 29 35 33 40 5 38 21 31 8 41 13 4 2 45 16 24 9 11 46 43 26 6 49 22 44 34 50 37 14 3 20 27 18 30 28 
b --> 15 
------------------------------------------
Exec pb:
a --> 25 1 19 32 12 42 7 39 48 10 17 23 36 29 35 33 40 5 38 21 31 8 41 13 4 2 45 16 24 9 11 46 43 26 6 49 22 44 34 50 37 14 3 20 27 18 30 28 
b --> 47 15 
------------------------------------------
Exec rrb:
a --> 25 1 19 32 12 42 7 39 48 10 17 23 36 29 35 33 40 5 38 21 31 8 41 13 4 2 45 16 24 9 11 46 43 26 6 49 22 44 34 50 37 14 3 20 27 18 30 28 
b --> 15 47 
------------------------------------------
Exec pb:
a --> 1 19 32 12 42 7 39 48 10 17 23 36 29 35 33 40 5 38 21 31 8 41 13 4 2 45 16 24 9 11 46 43 26 6 49 22 44 34 50 37 14 3 20 27 18 30 28 
b --> 25 15 47 
------------------------------------------
Exec sa:
a --> 19 1 32 12 42 7 39 48 10 17 23 36 29 35 33 40 5 38 21 31 8 41 13 4 2 45 16 24 9 11 46 43 26 6 49 22 44 34 50 37 14 3 20 27 18 30 28 
b --> 25 15 47 
------------------------------------------
Exec rrb:
a --> 19 1 32 12 42 7 39 48 10 17 23 36 29 35 33 40 5 38 21 31 8 41 13 4 2 45 16 24 9 11 46 43 26 6 49 22 44 34 50 37 14 3 20 27 18 30 28 
b --> 47 25 15 
------------------------------------------
Exec rrb:
a --> 19 1 32 12 42 7 39 48 10 17 23 36 29 35 33 40 5 38 21 31 8 41 13 4 2 45 16 24 9 11 46 43 26 6 49 22 44 34 50 37 14 3 20 27 18 30 28 
b --> 15 47 25 
------------------------------------------
Exec pb:
a --> 1 32 12 42 7 39 48 10 17 23 36 29 35 33 40 5 38 21 31 8 41 13 4 2 45 16 24 9 11 46 43 26 6 49 22 44 34 50 37 14 3 20 27 18 30 28 
b --> 19 15 47 25 
------------------------------------------
Exec sa:
a --> 32 1 12 42 7 39 48 10 17 23 36 29 35 33 40 5 38 21 31 8 41 13 4 2 45 16 24 9 11 46 43 26 6 49 22 44 34 50 37 14 3 20 27 18 30 28 
b --> 19 15 47 25 
------------------------------------------
Exec rrb:
a --> 32 1 12 42 7 39 48 10 17 23 36 29 35 33 40 5 38 21 31 8 41 13 4 2 45 16 24 9 11 46 43 26 6 49 22 44 34 50 37 14 3 20 27 18 30 28 
b --> 25 19 15 47 
------------------------------------------
Exec pb:
a --> 1 12 42 7 39 48 10 17 23 36 29 35 33 40 5 38 21 31 8 41 13 4 2 45 16 24 9 11 46 43 26 6 49 22 44 34 50 37 14 3 20 27 18 30 28 
b --> 32 25 19 15 47 
------------------------------------------
Exec sa:
a --> 12 1 42 7 39 48 10 17 23 36 29 35 33 40 5 38 21 31 8 41 13 4 2 45 16 24 9 11 46 43 26 6 49 22 44 34 50 37 14 3 20 27 18 30 28 
b --> 32 25 19 15 47 
------------------------------------------
Exec pb:
a --> 1 42 7 39 48 10 17 23 36 29 35 33 40 5 38 21 31 8 41 13 4 2 45 16 24 9 11 46 43 26 6 49 22 44 34 50 37 14 3 20 27 18 30 28 
b --> 12 47 32 25 19 15 
------------------------------------------
Exec pb:
a --> 42 7 39 48 10 17 23 36 29 35 33 40 5 38 21 31 8 41 13 4 2 45 16 24 9 11 46 43 26 6 49 22 44 34 50 37 14 3 20 27 18 30 28 
b --> 1 47 32 25 19 15 12 
------------------------------------------
Exec sa:
a --> 7 42 39 48 10 17 23 36 29 35 33 40 5 38 21 31 8 41 13 4 2 45 16 24 9 11 46 43 26 6 49 22 44 34 50 37 14 3 20 27 18 30 28 
b --> 1 47 32 25 19 15 12 
------------------------------------------
Exec pb:
a --> 42 39 48 10 17 23 36 29 35 33 40 5 38 21 31 8 41 13 4 2 45 16 24 9 11 46 43 26 6 49 22 44 34 50 37 14 3 20 27 18 30 28 
b --> 7 1 47 32 25 19 15 12 
------------------------------------------
Exec sa:
a --> 39 42 48 10 17 23 36 29 35 33 40 5 38 21 31 8 41 13 4 2 45 16 24 9 11 46 43 26 6 49 22 44 34 50 37 14 3 20 27 18 30 28 
b --> 7 1 47 32 25 19 15 12 
------------------------------------------
Exec rrb:
a --> 39 42 48 10 17 23 36 29 35 33 40 5 38 21 31 8 41 13 4 2 45 16 24 9 11 46 43 26 6 49 22 44 34 50 37 14 3 20 27 18 30 28 
b --> 12 7 1 47 32 25 19 15 
------------------------------------------
Exec rrb:
a --> 39 42 48 10 17 23 36 29 35 33 40 5 38 21 31 8 41 13 4 2 45 16 24 9 11 46 43 26 6 49 22 44 34 50 37 14 3 20 27 18 30 28 
b --> 15 12 7 1 47 32 25 19 
------------------------------------------
Exec rrb:
a --> 39 42 48 10 17 23 36 29 35 33 40 5 38 21 31 8 41 13 4 2 45 16 24 9 11 46 43 26 6 49 22 44 34 50 37 14 3 20 27 18 30 28 
b --> 19 15 12 7 1 47 32 25 
------------------------------------------
Exec rrb:
a --> 39 42 48 10 17 23 36 29 35 33 40 5 38 21 31 8 41 13 4 2 45 16 24 9 11 46 43 26 6 49 22 44 34 50 37 14 3 20 27 18 30 28 
b --> 25 19 15 12 7 1 47 32 
------------------------------------------
Exec rrb:
a --> 39 42 48 10 17 23 36 29 35 33 40 5 38 21 31 8 41 13 4 2 45 16 24 9 11 46 43 26 6 49 22 44 34 50 37 14 3 20 27 18 30 28 
b --> 32 25 19 15 12 7 1 47 
------------------------------------------
Exec pb:
a --> 42 48 10 17 23 36 29 35 33 40 5 38 21 31 8 41 13 4 2 45 16 24 9 11 46 43 26 6 49 22 44 34 50 37 14 3 20 27 18 30 28 
b --> 39 32 25 19 15 12 7 1 47 
------------------------------------------
Exec pb:
a --> 48 10 17 23 36 29 35 33 40 5 38 21 31 8 41 13 4 2 45 16 24 9 11 46 43 26 6 49 22 44 34 50 37 14 3 20 27 18 30 28 
b --> 42 39 32 25 19 15 12 7 1 47 
------------------------------------------
Exec pb:
a --> 10 17 23 36 29 35 33 40 5 38 21 31 8 41 13 4 2 45 16 24 9 11 46 43 26 6 49 22 44 34 50 37 14 3 20 27 18 30 28 
b --> 48 47 42 39 32 25 19 15 12 7 1 
------------------------------------------
Exec sa:
a --> 17 10 23 36 29 35 33 40 5 38 21 31 8 41 13 4 2 45 16 24 9 11 46 43 26 6 49 22 44 34 50 37 14 3 20 27 18 30 28 
b --> 48 47 42 39 32 25 19 15 12 7 1 
------------------------------------------
Exec rrb:
a --> 17 10 23 36 29 35 33 40 5 38 21 31 8 41 13 4 2 45 16 24 9 11 46 43 26 6 49 22 44 34 50 37 14 3 20 27 18 30 28 
b --> 1 48 47 42 39 32 25 19 15 12 7 
------------------------------------------
Exec rrb:
a --> 17 10 23 36 29 35 33 40 5 38 21 31 8 41 13 4 2 45 16 24 9 11 46 43 26 6 49 22 44 34 50 37 14 3 20 27 18 30 28 
b --> 7 1 48 47 42 39 32 25 19 15 12 
------------------------------------------
Exec rrb:
a --> 17 10 23 36 29 35 33 40 5 38 21 31 8 41 13 4 2 45 16 24 9 11 46 43 26 6 49 22 44 34 50 37 14 3 20 27 18 30 28 
b --> 12 7 1 48 47 42 39 32 25 19 15 
------------------------------------------
Exec rrb:
a --> 17 10 23 36 29 35 33 40 5 38 21 31 8 41 13 4 2 45 16 24 9 11 46 43 26 6 49 22 44 34 50 37 14 3 20 27 18 30 28 
b --> 15 12 7 1 48 47 42 39 32 25 19 
------------------------------------------
Exec pb:
a --> 10 23 36 29 35 33 40 5 38 21 31 8 41 13 4 2 45 16 24 9 11 46 43 26 6 49 22 44 34 50 37 14 3 20 27 18 30 28 
b --> 17 15 12 7 1 48 47 42 39 32 25 19 
------------------------------------------
Exec sa:
a --> 23 10 36 29 35 33 40 5 38 21 31 8 41 13 4 2 45 16 24 9 11 46 43 26 6 49 22 44 34 50 37 14 3 20 27 18 30 28 
b --> 17 15 12 7 1 48 47 42 39 32 25 19 
------------------------------------------
Exec rrb:
a --> 23 10 36 29 35 33 40 5 38 21 31 8 41 13 4 2 45 16 24 9 11 46 43 26 6 49 22 44 34 50 37 14 3 20 27 18 30 28 
b --> 19 17 15 12 7 1 48 47 42 39 32 25 
------------------------------------------
Exec pb:
a --> 10 36 29 35 33 40 5 38 21 31 8 41 13 4 2 45 16 24 9 11 46 43 26 6 49 22 44 34 50 37 14 3 20 27 18 30 28 
b --> 23 19 17 15 12 7 1 48 47 42 39 32 25 
------------------------------------------
Exec rb:
a --> 10 36 29 35 33 40 5 38 21 31 8 41 13 4 2 45 16 24 9 11 46 43 26 6 49 22 44 34 50 37 14 3 20 27 18 30 28 
b --> 19 17 15 12 7 1 48 47 42 39 32 25 23 
------------------------------------------
Exec rb:
a --> 10 36 29 35 33 40 5 38 21 31 8 41 13 4 2 45 16 24 9 11 46 43 26 6 49 22 44 34 50 37 14 3 20 27 18 30 28 
b --> 17 15 12 7 1 48 47 42 39 32 25 23 19 
------------------------------------------
Exec rb:
a --> 10 36 29 35 33 40 5 38 21 31 8 41 13 4 2 45 16 24 9 11 46 43 26 6 49 22 44 34 50 37 14 3 20 27 18 30 28 
b --> 15 12 7 1 48 47 42 39 32 25 23 19 17 
------------------------------------------
Exec rb:
a --> 10 36 29 35 33 40 5 38 21 31 8 41 13 4 2 45 16 24 9 11 46 43 26 6 49 22 44 34 50 37 14 3 20 27 18 30 28 
b --> 12 7 1 48 47 42 39 32 25 23 19 17 15 
------------------------------------------
Exec rb:
a --> 10 36 29 35 33 40 5 38 21 31 8 41 13 4 2 45 16 24 9 11 46 43 26 6 49 22 44 34 50 37 14 3 20 27 18 30 28 
b --> 7 1 48 47 42 39 32 25 23 19 17 15 12 
------------------------------------------
Exec pb:
a --> 36 29 35 33 40 5 38 21 31 8 41 13 4 2 45 16 24 9 11 46 43 26 6 49 22 44 34 50 37 14 3 20 27 18 30 28 
b --> 10 7 1 48 47 42 39 32 25 23 19 17 15 12 
------------------------------------------
Exec sa:
a --> 29 36 35 33 40 5 38 21 31 8 41 13 4 2 45 16 24 9 11 46 43 26 6 49 22 44 34 50 37 14 3 20 27 18 30 28 
b --> 10 7 1 48 47 42 39 32 25 23 19 17 15 12 
------------------------------------------
Exec rrb:
a --> 29 36 35 33 40 5 38 21 31 8 41 13 4 2 45 16 24 9 11 46 43 26 6 49 22 44 34 50 37 14 3 20 27 18 30 28 
b --> 12 10 7 1 48 47 42 39 32 25 23 19 17 15 
------------------------------------------
Exec rrb:
a --> 29 36 35 33 40 5 38 21 31 8 41 13 4 2 45 16 24 9 11 46 43 26 6 49 22 44 34 50 37 14 3 20 27 18 30 28 
b --> 15 12 10 7 1 48 47 42 39 32 25 23 19 17 
------------------------------------------
Exec rrb:
a --> 29 36 35 33 40 5 38 21 31 8 41 13 4 2 45 16 24 9 11 46 43 26 6 49 22 44 34 50 37 14 3 20 27 18 30 28 
b --> 17 15 12 10 7 1 48 47 42 39 32 25 23 19 
------------------------------------------
Exec rrb:
a --> 29 36 35 33 40 5 38 21 31 8 41 13 4 2 45 16 24 9 11 46 43 26 6 49 22 44 34 50 37 14 3 20 27 18 30 28 
b --> 19 17 15 12 10 7 1 48 47 42 39 32 25 23 
------------------------------------------
Exec rrb:
a --> 29 36 35 33 40 5 38 21 31 8 41 13 4 2 45 16 24 9 11 46 43 26 6 49 22 44 34 50 37 14 3 20 27 18 30 28 
b --> 23 19 17 15 12 10 7 1 48 47 42 39 32 25 
------------------------------------------
Exec rrb:
a --> 29 36 35 33 40 5 38 21 31 8 41 13 4 2 45 16 24 9 11 46 43 26 6 49 22 44 34 50 37 14 3 20 27 18 30 28 
b --> 25 23 19 17 15 12 10 7 1 48 47 42 39 32 
------------------------------------------
Exec pb:
a --> 36 35 33 40 5 38 21 31 8 41 13 4 2 45 16 24 9 11 46 43 26 6 49 22 44 34 50 37 14 3 20 27 18 30 28 
b --> 29 25 23 19 17 15 12 10 7 1 48 47 42 39 32 
------------------------------------------
Exec sa:
a --> 35 36 33 40 5 38 21 31 8 41 13 4 2 45 16 24 9 11 46 43 26 6 49 22 44 34 50 37 14 3 20 27 18 30 28 
b --> 29 25 23 19 17 15 12 10 7 1 48 47 42 39 32 
------------------------------------------
Exec rrb:
a --> 35 36 33 40 5 38 21 31 8 41 13 4 2 45 16 24 9 11 46 43 26 6 49 22 44 34 50 37 14 3 20 27 18 30 28 
b --> 32 29 25 23 19 17 15 12 10 7 1 48 47 42 39 
------------------------------------------
Exec pb:
a --> 36 33 40 5 38 21 31 8 41 13 4 2 45 16 24 9 11 46 43 26 6 49 22 44 34 50 37 14 3 20 27 18 30 28 
b --> 35 32 29 25 23 19 17 15 12 10 7 1 48 47 42 39 
------------------------------------------
Exec pb:
a --> 33 40 5 38 21 31 8 41 13 4 2 45 16 24 9 11 46 43 26 6 49 22 44 34 50 37 14 3 20 27 18 30 28 
b --> 36 35 32 29 25 23 19 17 15 12 10 7 1 48 47 42 39 
------------------------------------------
Exec rb:
a --> 33 40 5 38 21 31 8 41 13 4 2 45 16 24 9 11 46 43 26 6 49 22 44 34 50 37 14 3 20 27 18 30 28 
b --> 35 32 29 25 23 19 17 15 12 10 7 1 48 47 42 39 36 
------------------------------------------
Exec rb:
a --> 33 40 5 38 21 31 8 41 13 4 2 45 16 24 9 11 46 43 26 6 49 22 44 34 50 37 14 3 20 27 18 30 28 
b --> 32 29 25 23 19 17 15 12 10 7 1 48 47 42 39 36 35 
------------------------------------------
Exec pb:
a --> 40 5 38 21 31 8 41 13 4 2 45 16 24 9 11 46 43 26 6 49 22 44 34 50 37 14 3 20 27 18 30 28 
b --> 33 32 29 25 23 19 17 15 12 10 7 1 48 47 42 39 36 35 
------------------------------------------
Exec rrb:
a --> 40 5 38 21 31 8 41 13 4 2 45 16 24 9 11 46 43 26 6 49 22 44 34 50 37 14 3 20 27 18 30 28 
b --> 35 33 32 29 25 23 19 17 15 12 10 7 1 48 47 42 39 36 
------------------------------------------
Exec rrb:
a --> 40 5 38 21 31 8 41 13 4 2 45 16 24 9 11 46 43 26 6 49 22 44 34 50 37 14 3 20 27 18 30 28 
b --> 36 35 33 32 29 25 23 19 17 15 12 10 7 1 48 47 42 39 
------------------------------------------
Exec rrb:
a --> 40 5 38 21 31 8 41 13 4 2 45 16 24 9 11 46 43 26 6 49 22 44 34 50 37 14 3 20 27 18 30 28 
b --> 39 36 35 33 32 29 25 23 19 17 15 12 10 7 1 48 47 42 
------------------------------------------
Exec pb:
a --> 5 38 21 31 8 41 13 4 2 45 16 24 9 11 46 43 26 6 49 22 44 34 50 37 14 3 20 27 18 30 28 
b --> 40 39 36 35 33 32 29 25 23 19 17 15 12 10 7 1 48 47 42 
------------------------------------------
Exec sa:
a --> 38 5 21 31 8 41 13 4 2 45 16 24 9 11 46 43 26 6 49 22 44 34 50 37 14 3 20 27 18 30 28 
b --> 40 39 36 35 33 32 29 25 23 19 17 15 12 10 7 1 48 47 42 
------------------------------------------
Exec rb:
a --> 38 5 21 31 8 41 13 4 2 45 16 24 9 11 46 43 26 6 49 22 44 34 50 37 14 3 20 27 18 30 28 
b --> 39 36 35 33 32 29 25 23 19 17 15 12 10 7 1 48 47 42 40 
------------------------------------------
Exec rb:
a --> 38 5 21 31 8 41 13 4 2 45 16 24 9 11 46 43 26 6 49 22 44 34 50 37 14 3 20 27 18 30 28 
b --> 36 35 33 32 29 25 23 19 17 15 12 10 7 1 48 47 42 40 39 
------------------------------------------
Exec pb:
a --> 5 21 31 8 41 13 4 2 45 16 24 9 11 46 43 26 6 49 22 44 34 50 37 14 3 20 27 18 30 28 
b --> 38 36 35 33 32 29 25 23 19 17 15 12 10 7 1 48 47 42 40 39 
------------------------------------------
Exec sa:
a --> 21 5 31 8 41 13 4 2 45 16 24 9 11 46 43 26 6 49 22 44 34 50 37 14 3 20 27 18 30 28 
b --> 38 36 35 33 32 29 25 23 19 17 15 12 10 7 1 48 47 42 40 39 
------------------------------------------
Exec rb:
a --> 21 5 31 8 41 13 4 2 45 16 24 9 11 46 43 26 6 49 22 44 34 50 37 14 3 20 27 18 30 28 
b --> 36 35 33 32 29 25 23 19 17 15 12 10 7 1 48 47 42 40 39 38 
------------------------------------------
Exec rb:
a --> 21 5 31 8 41 13 4 2 45 16 24 9 11 46 43 26 6 49 22 44 34 50 37 14 3 20 27 18 30 28 
b --> 35 33 32 29 25 23 19 17 15 12 10 7 1 48 47 42 40 39 38 36 
------------------------------------------
Exec rb:
a --> 21 5 31 8 41 13 4 2 45 16 24 9 11 46 43 26 6 49 22 44 34 50 37 14 3 20 27 18 30 28 
b --> 33 32 29 25 23 19 17 15 12 10 7 1 48 47 42 40 39 38 36 35 
------------------------------------------
Exec rb:
a --> 21 5 31 8 41 13 4 2 45 16 24 9 11 46 43 26 6 49 22 44 34 50 37 14 3 20 27 18 30 28 
b --> 32 29 25 23 19 17 15 12 10 7 1 48 47 42 40 39 38 36 35 33 
------------------------------------------
Exec rb:
a --> 21 5 31 8 41 13 4 2 45 16 24 9 11 46 43 26 6 49 22 44 34 50 37 14 3 20 27 18 30 28 
b --> 29 25 23 19 17 15 12 10 7 1 48 47 42 40 39 38 36 35 33 32 
------------------------------------------
Exec rb:
a --> 21 5 31 8 41 13 4 2 45 16 24 9 11 46 43 26 6 49 22 44 34 50 37 14 3 20 27 18 30 28 
b --> 25 23 19 17 15 12 10 7 1 48 47 42 40 39 38 36 35 33 32 29 
------------------------------------------
Exec rb:
a --> 21 5 31 8 41 13 4 2 45 16 24 9 11 46 43 26 6 49 22 44 34 50 37 14 3 20 27 18 30 28 
b --> 23 19 17 15 12 10 7 1 48 47 42 40 39 38 36 35 33 32 29 25 
------------------------------------------
Exec rb:
a --> 21 5 31 8 41 13 4 2 45 16 24 9 11 46 43 26 6 49 22 44 34 50 37 14 3 20 27 18 30 28 
b --> 19 17 15 12 10 7 1 48 47 42 40 39 38 36 35 33 32 29 25 23 
------------------------------------------
Exec pb:
a --> 5 31 8 41 13 4 2 45 16 24 9 11 46 43 26 6 49 22 44 34 50 37 14 3 20 27 18 30 28 
b --> 21 19 17 15 12 10 7 1 48 47 42 40 39 38 36 35 33 32 29 25 23 
------------------------------------------
Exec sa:
a --> 31 5 8 41 13 4 2 45 16 24 9 11 46 43 26 6 49 22 44 34 50 37 14 3 20 27 18 30 28 
b --> 21 19 17 15 12 10 7 1 48 47 42 40 39 38 36 35 33 32 29 25 23 
------------------------------------------
Exec rrb:
a --> 31 5 8 41 13 4 2 45 16 24 9 11 46 43 26 6 49 22 44 34 50 37 14 3 20 27 18 30 28 
b --> 23 21 19 17 15 12 10 7 1 48 47 42 40 39 38 36 35 33 32 29 25 
------------------------------------------
Exec rrb:
a --> 31 5 8 41 13 4 2 45 16 24 9 11 46 43 26 6 49 22 44 34 50 37 14 3 20 27 18 30 28 
b --> 25 23 21 19 17 15 12 10 7 1 48 47 42 40 39 38 36 35 33 32 29 
------------------------------------------
Exec rrb:
a --> 31 5 8 41 13 4 2 45 16 24 9 11 46 43 26 6 49 22 44 34 50 37 14 3 20 27 18 30 28 
b --> 29 25 23 21 19 17 15 12 10 7 1 48 47 42 40 39 38 36 35 33 32 
------------------------------------------
Exec pb:
a --> 5 8 41 13 4 2 45 16 24 9 11 46 43 26 6 49 22 44 34 50 37 14 3 20 27 18 30 28 
b --> 31 29 25 23 21 19 17 15 12 10 7 1 48 47 42 40 39 38 36 35 33 32 
------------------------------------------
Exec sa:
a --> 8 5 41 13 4 2 45 16 24 9 11 46 43 26 6 49 22 44 34 50 37 14 3 20 27 18 30 28 
b --> 31 29 25 23 21 19 17 15 12 10 7 1 48 47 42 40 39 38 36 35 33 32 
------------------------------------------
Exec rb:
a --> 8 5 41 13 4 2 45 16 24 9 11 46 43 26 6 49 22 44 34 50 37 14 3 20 27 18 30 28 
b --> 29 25 23 21 19 17 15 12 10 7 1 48 47 42 40 39 38 36 35 33 32 31 
------------------------------------------
Exec rb:
a --> 8 5 41 13 4 2 45 16 24 9 11 46 43 26 6 49 22 44 34 50 37 14 3 20 27 18 30 28 
b --> 25 23 21 19 17 15 12 10 7 1 48 47 42 40 39 38 36 35 33 32 31 29 
------------------------------------------
Exec rb:
a --> 8 5 41 13 4 2 45 16 24 9 11 46 43 26 6 49 22 44 34 50 37 14 3 20 27 18 30 28 
b --> 23 21 19 17 15 12 10 7 1 48 47 42 40 39 38 36 35 33 32 31 29 25 
------------------------------------------
Exec rb:
a --> 8 5 41 13 4 2 45 16 24 9 11 46 43 26 6 49 22 44 34 50 37 14 3 20 27 18 30 28 
b --> 21 19 17 15 12 10 7 1 48 47 42 40 39 38 36 35 33 32 31 29 25 23 
------------------------------------------
Exec rb:
a --> 8 5 41 13 4 2 45 16 24 9 11 46 43 26 6 49 22 44 34 50 37 14 3 20 27 18 30 28 
b --> 19 17 15 12 10 7 1 48 47 42 40 39 38 36 35 33 32 31 29 25 23 21 
------------------------------------------
Exec rb:
a --> 8 5 41 13 4 2 45 16 24 9 11 46 43 26 6 49 22 44 34 50 37 14 3 20 27 18 30 28 
b --> 17 15 12 10 7 1 48 47 42 40 39 38 36 35 33 32 31 29 25 23 21 19 
------------------------------------------
Exec rb:
a --> 8 5 41 13 4 2 45 16 24 9 11 46 43 26 6 49 22 44 34 50 37 14 3 20 27 18 30 28 
b --> 15 12 10 7 1 48 47 42 40 39 38 36 35 33 32 31 29 25 23 21 19 17 
------------------------------------------
Exec rb:
a --> 8 5 41 13 4 2 45 16 24 9 11 46 43 26 6 49 22 44 34 50 37 14 3 20 27 18 30 28 
b --> 12 10 7 1 48 47 42 40 39 38 36 35 33 32 31 29 25 23 21 19 17 15 
------------------------------------------
Exec rb:
a --> 8 5 41 13 4 2 45 16 24 9 11 46 43 26 6 49 22 44 34 50 37 14 3 20 27 18 30 28 
b --> 10 7 1 48 47 42 40 39 38 36 35 33 32 31 29 25 23 21 19 17 15 12 
------------------------------------------
Exec rb:
a --> 8 5 41 13 4 2 45 16 24 9 11 46 43 26 6 49 22 44 34 50 37 14 3 20 27 18 30 28 
b --> 7 1 48 47 42 40 39 38 36 35 33 32 31 29 25 23 21 19 17 15 12 10 
------------------------------------------
Exec pb:
a --> 5 41 13 4 2 45 16 24 9 11 46 43 26 6 49 22 44 34 50 37 14 3 20 27 18 30 28 
b --> 8 7 1 48 47 42 40 39 38 36 35 33 32 31 29 25 23 21 19 17 15 12 10 
------------------------------------------
Exec rb:
a --> 5 41 13 4 2 45 16 24 9 11 46 43 26 6 49 22 44 34 50 37 14 3 20 27 18 30 28 
b --> 7 1 48 47 42 40 39 38 36 35 33 32 31 29 25 23 21 19 17 15 12 10 8 
------------------------------------------
Exec rb:
a --> 5 41 13 4 2 45 16 24 9 11 46 43 26 6 49 22 44 34 50 37 14 3 20 27 18 30 28 
b --> 1 48 47 42 40 39 38 36 35 33 32 31 29 25 23 21 19 17 15 12 10 8 7 
------------------------------------------
Exec pb:
a --> 41 13 4 2 45 16 24 9 11 46 43 26 6 49 22 44 34 50 37 14 3 20 27 18 30 28 
b --> 5 1 48 47 42 40 39 38 36 35 33 32 31 29 25 23 21 19 17 15 12 10 8 7 
------------------------------------------
Exec sa:
a --> 13 41 4 2 45 16 24 9 11 46 43 26 6 49 22 44 34 50 37 14 3 20 27 18 30 28 
b --> 5 1 48 47 42 40 39 38 36 35 33 32 31 29 25 23 21 19 17 15 12 10 8 7 
------------------------------------------
Exec rrb:
a --> 13 41 4 2 45 16 24 9 11 46 43 26 6 49 22 44 34 50 37 14 3 20 27 18 30 28 
b --> 7 5 1 48 47 42 40 39 38 36 35 33 32 31 29 25 23 21 19 17 15 12 10 8 
------------------------------------------
Exec rrb:
a --> 13 41 4 2 45 16 24 9 11 46 43 26 6 49 22 44 34 50 37 14 3 20 27 18 30 28 
b --> 8 7 5 1 48 47 42 40 39 38 36 35 33 32 31 29 25 23 21 19 17 15 12 10 
------------------------------------------
Exec rrb:
a --> 13 41 4 2 45 16 24 9 11 46 43 26 6 49 22 44 34 50 37 14 3 20 27 18 30 28 
b --> 10 8 7 5 1 48 47 42 40 39 38 36 35 33 32 31 29 25 23 21 19 17 15 12 
------------------------------------------
Exec rrb:
a --> 13 41 4 2 45 16 24 9 11 46 43 26 6 49 22 44 34 50 37 14 3 20 27 18 30 28 
b --> 12 10 8 7 5 1 48 47 42 40 39 38 36 35 33 32 31 29 25 23 21 19 17 15 
------------------------------------------
Exec pb:
a --> 41 4 2 45 16 24 9 11 46 43 26 6 49 22 44 34 50 37 14 3 20 27 18 30 28 
b --> 13 12 10 8 7 5 1 48 47 42 40 39 38 36 35 33 32 31 29 25 23 21 19 17 15 
------------------------------------------
Exec sa:
a --> 4 41 2 45 16 24 9 11 46 43 26 6 49 22 44 34 50 37 14 3 20 27 18 30 28 
b --> 13 12 10 8 7 5 1 48 47 42 40 39 38 36 35 33 32 31 29 25 23 21 19 17 15 
------------------------------------------
Exec rb:
a --> 4 41 2 45 16 24 9 11 46 43 26 6 49 22 44 34 50 37 14 3 20 27 18 30 28 
b --> 12 10 8 7 5 1 48 47 42 40 39 38 36 35 33 32 31 29 25 23 21 19 17 15 13 
------------------------------------------
Exec rb:
a --> 4 41 2 45 16 24 9 11 46 43 26 6 49 22 44 34 50 37 14 3 20 27 18 30 28 
b --> 10 8 7 5 1 48 47 42 40 39 38 36 35 33 32 31 29 25 23 21 19 17 15 13 12 
------------------------------------------
Exec rb:
a --> 4 41 2 45 16 24 9 11 46 43 26 6 49 22 44 34 50 37 14 3 20 27 18 30 28 
b --> 8 7 5 1 48 47 42 40 39 38 36 35 33 32 31 29 25 23 21 19 17 15 13 12 10 
------------------------------------------
Exec rb:
a --> 4 41 2 45 16 24 9 11 46 43 26 6 49 22 44 34 50 37 14 3 20 27 18 30 28 
b --> 7 5 1 48 47 42 40 39 38 36 35 33 32 31 29 25 23 21 19 17 15 13 12 10 8 
------------------------------------------
Exec rb:
a --> 4 41 2 45 16 24 9 11 46 43 26 6 49 22 44 34 50 37 14 3 20 27 18 30 28 
b --> 5 1 48 47 42 40 39 38 36 35 33 32 31 29 25 23 21 19 17 15 13 12 10 8 7 
------------------------------------------
Exec rb:
a --> 4 41 2 45 16 24 9 11 46 43 26 6 49 22 44 34 50 37 14 3 20 27 18 30 28 
b --> 1 48 47 42 40 39 38 36 35 33 32 31 29 25 23 21 19 17 15 13 12 10 8 7 5 
------------------------------------------
Exec pb:
a --> 41 2 45 16 24 9 11 46 43 26 6 49 22 44 34 50 37 14 3 20 27 18 30 28 
b --> 4 1 48 47 42 40 39 38 36 35 33 32 31 29 25 23 21 19 17 15 13 12 10 8 7 5 
------------------------------------------
Exec sa:
a --> 2 41 45 16 24 9 11 46 43 26 6 49 22 44 34 50 37 14 3 20 27 18 30 28 
b --> 4 1 48 47 42 40 39 38 36 35 33 32 31 29 25 23 21 19 17 15 13 12 10 8 7 5 
------------------------------------------
Exec rb:
a --> 2 41 45 16 24 9 11 46 43 26 6 49 22 44 34 50 37 14 3 20 27 18 30 28 
b --> 1 48 47 42 40 39 38 36 35 33 32 31 29 25 23 21 19 17 15 13 12 10 8 7 5 4 
------------------------------------------
Exec pb:
a --> 41 45 16 24 9 11 46 43 26 6 49 22 44 34 50 37 14 3 20 27 18 30 28 
b --> 2 1 48 47 42 40 39 38 36 35 33 32 31 29 25 23 21 19 17 15 13 12 10 8 7 5 4 
------------------------------------------
Exec rrb:
a --> 41 45 16 24 9 11 46 43 26 6 49 22 44 34 50 37 14 3 20 27 18 30 28 
b --> 4 2 1 48 47 42 40 39 38 36 35 33 32 31 29 25 23 21 19 17 15 13 12 10 8 7 5 
------------------------------------------
Exec rrb:
a --> 41 45 16 24 9 11 46 43 26 6 49 22 44 34 50 37 14 3 20 27 18 30 28 
b --> 5 4 2 1 48 47 42 40 39 38 36 35 33 32 31 29 25 23 21 19 17 15 13 12 10 8 7 
------------------------------------------
Exec rrb:
a --> 41 45 16 24 9 11 46 43 26 6 49 22 44 34 50 37 14 3 20 27 18 30 28 
b --> 7 5 4 2 1 48 47 42 40 39 38 36 35 33 32 31 29 25 23 21 19 17 15 13 12 10 8 
------------------------------------------
Exec rrb:
a --> 41 45 16 24 9 11 46 43 26 6 49 22 44 34 50 37 14 3 20 27 18 30 28 
b --> 8 7 5 4 2 1 48 47 42 40 39 38 36 35 33 32 31 29 25 23 21 19 17 15 13 12 10 
------------------------------------------
Exec rrb:
a --> 41 45 16 24 9 11 46 43 26 6 49 22 44 34 50 37 14 3 20 27 18 30 28 
b --> 10 8 7 5 4 2 1 48 47 42 40 39 38 36 35 33 32 31 29 25 23 21 19 17 15 13 12 
------------------------------------------
Exec rrb:
a --> 41 45 16 24 9 11 46 43 26 6 49 22 44 34 50 37 14 3 20 27 18 30 28 
b --> 12 10 8 7 5 4 2 1 48 47 42 40 39 38 36 35 33 32 31 29 25 23 21 19 17 15 13 
------------------------------------------
Exec rrb:
a --> 41 45 16 24 9 11 46 43 26 6 49 22 44 34 50 37 14 3 20 27 18 30 28 
b --> 13 12 10 8 7 5 4 2 1 48 47 42 40 39 38 36 35 33 32 31 29 25 23 21 19 17 15 
------------------------------------------
Exec rrb:
a --> 41 45 16 24 9 11 46 43 26 6 49 22 44 34 50 37 14 3 20 27 18 30 28 
b --> 15 13 12 10 8 7 5 4 2 1 48 47 42 40 39 38 36 35 33 32 31 29 25 23 21 19 17 
------------------------------------------
Exec rrb:
a --> 41 45 16 24 9 11 46 43 26 6 49 22 44 34 50 37 14 3 20 27 18 30 28 
b --> 17 15 13 12 10 8 7 5 4 2 1 48 47 42 40 39 38 36 35 33 32 31 29 25 23 21 19 
------------------------------------------
Exec rrb:
a --> 41 45 16 24 9 11 46 43 26 6 49 22 44 34 50 37 14 3 20 27 18 30 28 
b --> 19 17 15 13 12 10 8 7 5 4 2 1 48 47 42 40 39 38 36 35 33 32 31 29 25 23 21 
------------------------------------------
Exec rrb:
a --> 41 45 16 24 9 11 46 43 26 6 49 22 44 34 50 37 14 3 20 27 18 30 28 
b --> 21 19 17 15 13 12 10 8 7 5 4 2 1 48 47 42 40 39 38 36 35 33 32 31 29 25 23 
------------------------------------------
Exec rrb:
a --> 41 45 16 24 9 11 46 43 26 6 49 22 44 34 50 37 14 3 20 27 18 30 28 
b --> 23 21 19 17 15 13 12 10 8 7 5 4 2 1 48 47 42 40 39 38 36 35 33 32 31 29 25 
------------------------------------------
Exec rrb:
a --> 41 45 16 24 9 11 46 43 26 6 49 22 44 34 50 37 14 3 20 27 18 30 28 
b --> 25 23 21 19 17 15 13 12 10 8 7 5 4 2 1 48 47 42 40 39 38 36 35 33 32 31 29 
------------------------------------------
Exec rrb:
a --> 41 45 16 24 9 11 46 43 26 6 49 22 44 34 50 37 14 3 20 27 18 30 28 
b --> 29 25 23 21 19 17 15 13 12 10 8 7 5 4 2 1 48 47 42 40 39 38 36 35 33 32 31 
------------------------------------------
Exec rrb:
a --> 41 45 16 24 9 11 46 43 26 6 49 22 44 34 50 37 14 3 20 27 18 30 28 
b --> 31 29 25 23 21 19 17 15 13 12 10 8 7 5 4 2 1 48 47 42 40 39 38 36 35 33 32 
------------------------------------------
Exec rrb:
a --> 41 45 16 24 9 11 46 43 26 6 49 22 44 34 50 37 14 3 20 27 18 30 28 
b --> 32 31 29 25 23 21 19 17 15 13 12 10 8 7 5 4 2 1 48 47 42 40 39 38 36 35 33 
------------------------------------------
Exec rrb:
a --> 41 45 16 24 9 11 46 43 26 6 49 22 44 34 50 37 14 3 20 27 18 30 28 
b --> 33 32 31 29 25 23 21 19 17 15 13 12 10 8 7 5 4 2 1 48 47 42 40 39 38 36 35 
------------------------------------------
Exec rrb:
a --> 41 45 16 24 9 11 46 43 26 6 49 22 44 34 50 37 14 3 20 27 18 30 28 
b --> 35 33 32 31 29 25 23 21 19 17 15 13 12 10 8 7 5 4 2 1 48 47 42 40 39 38 36 
------------------------------------------
Exec rrb:
a --> 41 45 16 24 9 11 46 43 26 6 49 22 44 34 50 37 14 3 20 27 18 30 28 
b --> 36 35 33 32 31 29 25 23 21 19 17 15 13 12 10 8 7 5 4 2 1 48 47 42 40 39 38 
------------------------------------------
Exec rrb:
a --> 41 45 16 24 9 11 46 43 26 6 49 22 44 34 50 37 14 3 20 27 18 30 28 
b --> 38 36 35 33 32 31 29 25 23 21 19 17 15 13 12 10 8 7 5 4 2 1 48 47 42 40 39 
------------------------------------------
Exec rrb:
a --> 41 45 16 24 9 11 46 43 26 6 49 22 44 34 50 37 14 3 20 27 18 30 28 
b --> 39 38 36 35 33 32 31 29 25 23 21 19 17 15 13 12 10 8 7 5 4 2 1 48 47 42 40 
------------------------------------------
Exec rrb:
a --> 41 45 16 24 9 11 46 43 26 6 49 22 44 34 50 37 14 3 20 27 18 30 28 
b --> 40 39 38 36 35 33 32 31 29 25 23 21 19 17 15 13 12 10 8 7 5 4 2 1 48 47 42 
------------------------------------------
Exec pb:
a --> 45 16 24 9 11 46 43 26 6 49 22 44 34 50 37 14 3 20 27 18 30 28 
b --> 41 40 39 38 36 35 33 32 31 29 25 23 21 19 17 15 13 12 10 8 7 5 4 2 1 48 47 42 
------------------------------------------
Exec rrb:
a --> 45 16 24 9 11 46 43 26 6 49 22 44 34 50 37 14 3 20 27 18 30 28 
b --> 42 41 40 39 38 36 35 33 32 31 29 25 23 21 19 17 15 13 12 10 8 7 5 4 2 1 48 47 
------------------------------------------
Exec pb:
a --> 16 24 9 11 46 43 26 6 49 22 44 34 50 37 14 3 20 27 18 30 28 
b --> 45 42 41 40 39 38 36 35 33 32 31 29 25 23 21 19 17 15 13 12 10 8 7 5 4 2 1 48 47 
------------------------------------------
Exec sa:
a --> 24 16 9 11 46 43 26 6 49 22 44 34 50 37 14 3 20 27 18 30 28 
b --> 45 42 41 40 39 38 36 35 33 32 31 29 25 23 21 19 17 15 13 12 10 8 7 5 4 2 1 48 47 
------------------------------------------
Exec rb:
a --> 24 16 9 11 46 43 26 6 49 22 44 34 50 37 14 3 20 27 18 30 28 
b --> 42 41 40 39 38 36 35 33 32 31 29 25 23 21 19 17 15 13 12 10 8 7 5 4 2 1 48 47 45 
------------------------------------------
Exec rb:
a --> 24 16 9 11 46 43 26 6 49 22 44 34 50 37 14 3 20 27 18 30 28 
b --> 41 40 39 38 36 35 33 32 31 29 25 23 21 19 17 15 13 12 10 8 7 5 4 2 1 48 47 45 42 
------------------------------------------
Exec rb:
a --> 24 16 9 11 46 43 26 6 49 22 44 34 50 37 14 3 20 27 18 30 28 
b --> 40 39 38 36 35 33 32 31 29 25 23 21 19 17 15 13 12 10 8 7 5 4 2 1 48 47 45 42 41 
------------------------------------------
Exec rb:
a --> 24 16 9 11 46 43 26 6 49 22 44 34 50 37 14 3 20 27 18 30 28 
b --> 39 38 36 35 33 32 31 29 25 23 21 19 17 15 13 12 10 8 7 5 4 2 1 48 47 45 42 41 40 
------------------------------------------
Exec rb:
a --> 24 16 9 11 46 43 26 6 49 22 44 34 50 37 14 3 20 27 18 30 28 
b --> 38 36 35 33 32 31 29 25 23 21 19 17 15 13 12 10 8 7 5 4 2 1 48 47 45 42 41 40 39 
------------------------------------------
Exec rb:
a --> 24 16 9 11 46 43 26 6 49 22 44 34 50 37 14 3 20 27 18 30 28 
b --> 36 35 33 32 31 29 25 23 21 19 17 15 13 12 10 8 7 5 4 2 1 48 47 45 42 41 40 39 38 
------------------------------------------
Exec rb:
a --> 24 16 9 11 46 43 26 6 49 22 44 34 50 37 14 3 20 27 18 30 28 
b --> 35 33 32 31 29 25 23 21 19 17 15 13 12 10 8 7 5 4 2 1 48 47 45 42 41 40 39 38 36 
------------------------------------------
Exec rb:
a --> 24 16 9 11 46 43 26 6 49 22 44 34 50 37 14 3 20 27 18 30 28 
b --> 33 32 31 29 25 23 21 19 17 15 13 12 10 8 7 5 4 2 1 48 47 45 42 41 40 39 38 36 35 
------------------------------------------
Exec rb:
a --> 24 16 9 11 46 43 26 6 49 22 44 34 50 37 14 3 20 27 18 30 28 
b --> 32 31 29 25 23 21 19 17 15 13 12 10 8 7 5 4 2 1 48 47 45 42 41 40 39 38 36 35 33 
------------------------------------------
Exec rb:
a --> 24 16 9 11 46 43 26 6 49 22 44 34 50 37 14 3 20 27 18 30 28 
b --> 31 29 25 23 21 19 17 15 13 12 10 8 7 5 4 2 1 48 47 45 42 41 40 39 38 36 35 33 32 
------------------------------------------
Exec rb:
a --> 24 16 9 11 46 43 26 6 49 22 44 34 50 37 14 3 20 27 18 30 28 
b --> 29 25 23 21 19 17 15 13 12 10 8 7 5 4 2 1 48 47 45 42 41 40 39 38 36 35 33 32 31 
------------------------------------------
Exec rb:
a --> 24 16 9 11 46 43 26 6 49 22 44 34 50 37 14 3 20 27 18 30 28 
b --> 25 23 21 19 17 15 13 12 10 8 7 5 4 2 1 48 47 45 42 41 40 39 38 36 35 33 32 31 29 
------------------------------------------
Exec rb:
a --> 24 16 9 11 46 43 26 6 49 22 44 34 50 37 14 3 20 27 18 30 28 
b --> 23 21 19 17 15 13 12 10 8 7 5 4 2 1 48 47 45 42 41 40 39 38 36 35 33 32 31 29 25 
------------------------------------------
Exec pb:
a --> 16 9 11 46 43 26 6 49 22 44 34 50 37 14 3 20 27 18 30 28 
b --> 24 23 21 19 17 15 13 12 10 8 7 5 4 2 1 48 47 45 42 41 40 39 38 36 35 33 32 31 29 25 
------------------------------------------
Exec rb:
a --> 16 9 11 46 43 26 6 49 22 44 34 50 37 14 3 20 27 18 30 28 
b --> 23 21 19 17 15 13 12 10 8 7 5 4 2 1 48 47 45 42 41 40 39 38 36 35 33 32 31 29 25 24 
------------------------------------------
Exec rb:
a --> 16 9 11 46 43 26 6 49 22 44 34 50 37 14 3 20 27 18 30 28 
b --> 21 19 17 15 13 12 10 8 7 5 4 2 1 48 47 45 42 41 40 39 38 36 35 33 32 31 29 25 24 23 
------------------------------------------
Exec rb:
a --> 16 9 11 46 43 26 6 49 22 44 34 50 37 14 3 20 27 18 30 28 
b --> 19 17 15 13 12 10 8 7 5 4 2 1 48 47 45 42 41 40 39 38 36 35 33 32 31 29 25 24 23 21 
------------------------------------------
Exec rb:
a --> 16 9 11 46 43 26 6 49 22 44 34 50 37 14 3 20 27 18 30 28 
b --> 17 15 13 12 10 8 7 5 4 2 1 48 47 45 42 41 40 39 38 36 35 33 32 31 29 25 24 23 21 19 
------------------------------------------
Exec rb:
a --> 16 9 11 46 43 26 6 49 22 44 34 50 37 14 3 20 27 18 30 28 
b --> 15 13 12 10 8 7 5 4 2 1 48 47 45 42 41 40 39 38 36 35 33 32 31 29 25 24 23 21 19 17 
------------------------------------------
Exec pb:
a --> 9 11 46 43 26 6 49 22 44 34 50 37 14 3 20 27 18 30 28 
b --> 16 15 13 12 10 8 7 5 4 2 1 48 47 45 42 41 40 39 38 36 35 33 32 31 29 25 24 23 21 19 17 
------------------------------------------
Exec sa:
a --> 11 9 46 43 26 6 49 22 44 34 50 37 14 3 20 27 18 30 28 
b --> 16 15 13 12 10 8 7 5 4 2 1 48 47 45 42 41 40 39 38 36 35 33 32 31 29 25 24 23 21 19 17 
------------------------------------------
Exec rb:
a --> 11 9 46 43 26 6 49 22 44 34 50 37 14 3 20 27 18 30 28 
b --> 15 13 12 10 8 7 5 4 2 1 48 47 45 42 41 40 39 38 36 35 33 32 31 29 25 24 23 21 19 17 16 
------------------------------------------
Exec rb:
a --> 11 9 46 43 26 6 49 22 44 34 50 37 14 3 20 27 18 30 28 
b --> 13 12 10 8 7 5 4 2 1 48 47 45 42 41 40 39 38 36 35 33 32 31 29 25 24 23 21 19 17 16 15 
------------------------------------------
Exec rb:
a --> 11 9 46 43 26 6 49 22 44 34 50 37 14 3 20 27 18 30 28 
b --> 12 10 8 7 5 4 2 1 48 47 45 42 41 40 39 38 36 35 33 32 31 29 25 24 23 21 19 17 16 15 13 
------------------------------------------
Exec rb:
a --> 11 9 46 43 26 6 49 22 44 34 50 37 14 3 20 27 18 30 28 
b --> 10 8 7 5 4 2 1 48 47 45 42 41 40 39 38 36 35 33 32 31 29 25 24 23 21 19 17 16 15 13 12 
------------------------------------------
Exec pb:
a --> 9 46 43 26 6 49 22 44 34 50 37 14 3 20 27 18 30 28 
b --> 11 10 8 7 5 4 2 1 48 47 45 42 41 40 39 38 36 35 33 32 31 29 25 24 23 21 19 17 16 15 13 12 
------------------------------------------
Exec rb:
a --> 9 46 43 26 6 49 22 44 34 50 37 14 3 20 27 18 30 28 
b --> 10 8 7 5 4 2 1 48 47 45 42 41 40 39 38 36 35 33 32 31 29 25 24 23 21 19 17 16 15 13 12 11 
------------------------------------------
Exec rb:
a --> 9 46 43 26 6 49 22 44 34 50 37 14 3 20 27 18 30 28 
b --> 8 7 5 4 2 1 48 47 45 42 41 40 39 38 36 35 33 32 31 29 25 24 23 21 19 17 16 15 13 12 11 10 
------------------------------------------
Exec pb:
a --> 46 43 26 6 49 22 44 34 50 37 14 3 20 27 18 30 28 
b --> 9 8 7 5 4 2 1 48 47 45 42 41 40 39 38 36 35 33 32 31 29 25 24 23 21 19 17 16 15 13 12 11 10 
------------------------------------------
Exec sa:
a --> 43 46 26 6 49 22 44 34 50 37 14 3 20 27 18 30 28 
b --> 9 8 7 5 4 2 1 48 47 45 42 41 40 39 38 36 35 33 32 31 29 25 24 23 21 19 17 16 15 13 12 11 10 
------------------------------------------
Exec rrb:
a --> 43 46 26 6 49 22 44 34 50 37 14 3 20 27 18 30 28 
b --> 10 9 8 7 5 4 2 1 48 47 45 42 41 40 39 38 36 35 33 32 31 29 25 24 23 21 19 17 16 15 13 12 11 
------------------------------------------
Exec rrb:
a --> 43 46 26 6 49 22 44 34 50 37 14 3 20 27 18 30 28 
b --> 11 10 9 8 7 5 4 2 1 48 47 45 42 41 40 39 38 36 35 33 32 31 29 25 24 23 21 19 17 16 15 13 12 
------------------------------------------
Exec rrb:
a --> 43 46 26 6 49 22 44 34 50 37 14 3 20 27 18 30 28 
b --> 12 11 10 9 8 7 5 4 2 1 48 47 45 42 41 40 39 38 36 35 33 32 31 29 25 24 23 21 19 17 16 15 13 
------------------------------------------
Exec rrb:
a --> 43 46 26 6 49 22 44 34 50 37 14 3 20 27 18 30 28 
b --> 13 12 11 10 9 8 7 5 4 2 1 48 47 45 42 41 40 39 38 36 35 33 32 31 29 25 24 23 21 19 17 16 15 
------------------------------------------
Exec rrb:
a --> 43 46 26 6 49 22 44 34 50 37 14 3 20 27 18 30 28 
b --> 15 13 12 11 10 9 8 7 5 4 2 1 48 47 45 42 41 40 39 38 36 35 33 32 31 29 25 24 23 21 19 17 16 
------------------------------------------
Exec rrb:
a --> 43 46 26 6 49 22 44 34 50 37 14 3 20 27 18 30 28 
b --> 16 15 13 12 11 10 9 8 7 5 4 2 1 48 47 45 42 41 40 39 38 36 35 33 32 31 29 25 24 23 21 19 17 
------------------------------------------
Exec rrb:
a --> 43 46 26 6 49 22 44 34 50 37 14 3 20 27 18 30 28 
b --> 17 16 15 13 12 11 10 9 8 7 5 4 2 1 48 47 45 42 41 40 39 38 36 35 33 32 31 29 25 24 23 21 19 
------------------------------------------
Exec rrb:
a --> 43 46 26 6 49 22 44 34 50 37 14 3 20 27 18 30 28 
b --> 19 17 16 15 13 12 11 10 9 8 7 5 4 2 1 48 47 45 42 41 40 39 38 36 35 33 32 31 29 25 24 23 21 
------------------------------------------
Exec rrb:
a --> 43 46 26 6 49 22 44 34 50 37 14 3 20 27 18 30 28 
b --> 21 19 17 16 15 13 12 11 10 9 8 7 5 4 2 1 48 47 45 42 41 40 39 38 36 35 33 32 31 29 25 24 23 
------------------------------------------
Exec rrb:
a --> 43 46 26 6 49 22 44 34 50 37 14 3 20 27 18 30 28 
b --> 23 21 19 17 16 15 13 12 11 10 9 8 7 5 4 2 1 48 47 45 42 41 40 39 38 36 35 33 32 31 29 25 24 
------------------------------------------
Exec rrb:
a --> 43 46 26 6 49 22 44 34 50 37 14 3 20 27 18 30 28 
b --> 24 23 21 19 17 16 15 13 12 11 10 9 8 7 5 4 2 1 48 47 45 42 41 40 39 38 36 35 33 32 31 29 25 
------------------------------------------
Exec rrb:
a --> 43 46 26 6 49 22 44 34 50 37 14 3 20 27 18 30 28 
b --> 25 24 23 21 19 17 16 15 13 12 11 10 9 8 7 5 4 2 1 48 47 45 42 41 40 39 38 36 35 33 32 31 29 
------------------------------------------
Exec rrb:
a --> 43 46 26 6 49 22 44 34 50 37 14 3 20 27 18 30 28 
b --> 29 25 24 23 21 19 17 16 15 13 12 11 10 9 8 7 5 4 2 1 48 47 45 42 41 40 39 38 36 35 33 32 31 
------------------------------------------
Exec rrb:
a --> 43 46 26 6 49 22 44 34 50 37 14 3 20 27 18 30 28 
b --> 31 29 25 24 23 21 19 17 16 15 13 12 11 10 9 8 7 5 4 2 1 48 47 45 42 41 40 39 38 36 35 33 32 
------------------------------------------
Exec rrb:
a --> 43 46 26 6 49 22 44 34 50 37 14 3 20 27 18 30 28 
b --> 32 31 29 25 24 23 21 19 17 16 15 13 12 11 10 9 8 7 5 4 2 1 48 47 45 42 41 40 39 38 36 35 33 
------------------------------------------
Exec rrb:
a --> 43 46 26 6 49 22 44 34 50 37 14 3 20 27 18 30 28 
b --> 33 32 31 29 25 24 23 21 19 17 16 15 13 12 11 10 9 8 7 5 4 2 1 48 47 45 42 41 40 39 38 36 35 
------------------------------------------
Exec rrb:
a --> 43 46 26 6 49 22 44 34 50 37 14 3 20 27 18 30 28 
b --> 35 33 32 31 29 25 24 23 21 19 17 16 15 13 12 11 10 9 8 7 5 4 2 1 48 47 45 42 41 40 39 38 36 
------------------------------------------
Exec rrb:
a --> 43 46 26 6 49 22 44 34 50 37 14 3 20 27 18 30 28 
b --> 36 35 33 32 31 29 25 24 23 21 19 17 16 15 13 12 11 10 9 8 7 5 4 2 1 48 47 45 42 41 40 39 38 
------------------------------------------
Exec rrb:
a --> 43 46 26 6 49 22 44 34 50 37 14 3 20 27 18 30 28 
b --> 38 36 35 33 32 31 29 25 24 23 21 19 17 16 15 13 12 11 10 9 8 7 5 4 2 1 48 47 45 42 41 40 39 
------------------------------------------
Exec rrb:
a --> 43 46 26 6 49 22 44 34 50 37 14 3 20 27 18 30 28 
b --> 39 38 36 35 33 32 31 29 25 24 23 21 19 17 16 15 13 12 11 10 9 8 7 5 4 2 1 48 47 45 42 41 40 
------------------------------------------
Exec rrb:
a --> 43 46 26 6 49 22 44 34 50 37 14 3 20 27 18 30 28 
b --> 40 39 38 36 35 33 32 31 29 25 24 23 21 19 17 16 15 13 12 11 10 9 8 7 5 4 2 1 48 47 45 42 41 
------------------------------------------
Exec rrb:
a --> 43 46 26 6 49 22 44 34 50 37 14 3 20 27 18 30 28 
b --> 41 40 39 38 36 35 33 32 31 29 25 24 23 21 19 17 16 15 13 12 11 10 9 8 7 5 4 2 1 48 47 45 42 
------------------------------------------
Exec rrb:
a --> 43 46 26 6 49 22 44 34 50 37 14 3 20 27 18 30 28 
b --> 42 41 40 39 38 36 35 33 32 31 29 25 24 23 21 19 17 16 15 13 12 11 10 9 8 7 5 4 2 1 48 47 45 
------------------------------------------
Exec pb:
a --> 46 26 6 49 22 44 34 50 37 14 3 20 27 18 30 28 
b --> 43 42 41 40 39 38 36 35 33 32 31 29 25 24 23 21 19 17 16 15 13 12 11 10 9 8 7 5 4 2 1 48 47 45 
------------------------------------------
Exec rrb:
a --> 46 26 6 49 22 44 34 50 37 14 3 20 27 18 30 28 
b --> 45 43 42 41 40 39 38 36 35 33 32 31 29 25 24 23 21 19 17 16 15 13 12 11 10 9 8 7 5 4 2 1 48 47 
------------------------------------------
Exec pb:
a --> 26 6 49 22 44 34 50 37 14 3 20 27 18 30 28 
b --> 46 45 43 42 41 40 39 38 36 35 33 32 31 29 25 24 23 21 19 17 16 15 13 12 11 10 9 8 7 5 4 2 1 48 47 
------------------------------------------
Exec rb:
a --> 26 6 49 22 44 34 50 37 14 3 20 27 18 30 28 
b --> 45 43 42 41 40 39 38 36 35 33 32 31 29 25 24 23 21 19 17 16 15 13 12 11 10 9 8 7 5 4 2 1 48 47 46 
------------------------------------------
Exec rb:
a --> 26 6 49 22 44 34 50 37 14 3 20 27 18 30 28 
b --> 43 42 41 40 39 38 36 35 33 32 31 29 25 24 23 21 19 17 16 15 13 12 11 10 9 8 7 5 4 2 1 48 47 46 45 
------------------------------------------
Exec rb:
a --> 26 6 49 22 44 34 50 37 14 3 20 27 18 30 28 
b --> 42 41 40 39 38 36 35 33 32 31 29 25 24 23 21 19 17 16 15 13 12 11 10 9 8 7 5 4 2 1 48 47 46 45 43 
------------------------------------------
Exec rb:
a --> 26 6 49 22 44 34 50 37 14 3 20 27 18 30 28 
b --> 41 40 39 38 36 35 33 32 31 29 25 24 23 21 19 17 16 15 13 12 11 10 9 8 7 5 4 2 1 48 47 46 45 43 42 
------------------------------------------
Exec rb:
a --> 26 6 49 22 44 34 50 37 14 3 20 27 18 30 28 
b --> 40 39 38 36 35 33 32 31 29 25 24 23 21 19 17 16 15 13 12 11 10 9 8 7 5 4 2 1 48 47 46 45 43 42 41 
------------------------------------------
Exec rb:
a --> 26 6 49 22 44 34 50 37 14 3 20 27 18 30 28 
b --> 39 38 36 35 33 32 31 29 25 24 23 21 19 17 16 15 13 12 11 10 9 8 7 5 4 2 1 48 47 46 45 43 42 41 40 
------------------------------------------
Exec rb:
a --> 26 6 49 22 44 34 50 37 14 3 20 27 18 30 28 
b --> 38 36 35 33 32 31 29 25 24 23 21 19 17 16 15 13 12 11 10 9 8 7 5 4 2 1 48 47 46 45 43 42 41 40 39 
------------------------------------------
Exec rb:
a --> 26 6 49 22 44 34 50 37 14 3 20 27 18 30 28 
b --> 36 35 33 32 31 29 25 24 23 21 19 17 16 15 13 12 11 10 9 8 7 5 4 2 1 48 47 46 45 43 42 41 40 39 38 
------------------------------------------
Exec rb:
a --> 26 6 49 22 44 34 50 37 14 3 20 27 18 30 28 
b --> 35 33 32 31 29 25 24 23 21 19 17 16 15 13 12 11 10 9 8 7 5 4 2 1 48 47 46 45 43 42 41 40 39 38 36 
------------------------------------------
Exec rb:
a --> 26 6 49 22 44 34 50 37 14 3 20 27 18 30 28 
b --> 33 32 31 29 25 24 23 21 19 17 16 15 13 12 11 10 9 8 7 5 4 2 1 48 47 46 45 43 42 41 40 39 38 36 35 
------------------------------------------
Exec rb:
a --> 26 6 49 22 44 34 50 37 14 3 20 27 18 30 28 
b --> 32 31 29 25 24 23 21 19 17 16 15 13 12 11 10 9 8 7 5 4 2 1 48 47 46 45 43 42 41 40 39 38 36 35 33 
------------------------------------------
Exec rb:
a --> 26 6 49 22 44 34 50 37 14 3 20 27 18 30 28 
b --> 31 29 25 24 23 21 19 17 16 15 13 12 11 10 9 8 7 5 4 2 1 48 47 46 45 43 42 41 40 39 38 36 35 33 32 
------------------------------------------
Exec rb:
a --> 26 6 49 22 44 34 50 37 14 3 20 27 18 30 28 
b --> 29 25 24 23 21 19 17 16 15 13 12 11 10 9 8 7 5 4 2 1 48 47 46 45 43 42 41 40 39 38 36 35 33 32 31 
------------------------------------------
Exec rb:
a --> 26 6 49 22 44 34 50 37 14 3 20 27 18 30 28 
b --> 25 24 23 21 19 17 16 15 13 12 11 10 9 8 7 5 4 2 1 48 47 46 45 43 42 41 40 39 38 36 35 33 32 31 29 
------------------------------------------
Exec pb:
a --> 6 49 22 44 34 50 37 14 3 20 27 18 30 28 
b --> 26 25 24 23 21 19 17 16 15 13 12 11 10 9 8 7 5 4 2 1 48 47 46 45 43 42 41 40 39 38 36 35 33 32 31 29 
------------------------------------------
Exec rb:
a --> 6 49 22 44 34 50 37 14 3 20 27 18 30 28 
b --> 25 24 23 21 19 17 16 15 13 12 11 10 9 8 7 5 4 2 1 48 47 46 45 43 42 41 40 39 38 36 35 33 32 31 29 26 
------------------------------------------
Exec rb:
a --> 6 49 22 44 34 50 37 14 3 20 27 18 30 28 
b --> 24 23 21 19 17 16 15 13 12 11 10 9 8 7 5 4 2 1 48 47 46 45 43 42 41 40 39 38 36 35 33 32 31 29 26 25 
------------------------------------------
Exec rb:
a --> 6 49 22 44 34 50 37 14 3 20 27 18 30 28 
b --> 23 21 19 17 16 15 13 12 11 10 9 8 7 5 4 2 1 48 47 46 45 43 42 41 40 39 38 36 35 33 32 31 29 26 25 24 
------------------------------------------
Exec rb:
a --> 6 49 22 44 34 50 37 14 3 20 27 18 30 28 
b --> 21 19 17 16 15 13 12 11 10 9 8 7 5 4 2 1 48 47 46 45 43 42 41 40 39 38 36 35 33 32 31 29 26 25 24 23 
------------------------------------------
Exec rb:
a --> 6 49 22 44 34 50 37 14 3 20 27 18 30 28 
b --> 19 17 16 15 13 12 11 10 9 8 7 5 4 2 1 48 47 46 45 43 42 41 40 39 38 36 35 33 32 31 29 26 25 24 23 21 
------------------------------------------
Exec rb:
a --> 6 49 22 44 34 50 37 14 3 20 27 18 30 28 
b --> 17 16 15 13 12 11 10 9 8 7 5 4 2 1 48 47 46 45 43 42 41 40 39 38 36 35 33 32 31 29 26 25 24 23 21 19 
------------------------------------------
Exec rb:
a --> 6 49 22 44 34 50 37 14 3 20 27 18 30 28 
b --> 16 15 13 12 11 10 9 8 7 5 4 2 1 48 47 46 45 43 42 41 40 39 38 36 35 33 32 31 29 26 25 24 23 21 19 17 
------------------------------------------
Exec rb:
a --> 6 49 22 44 34 50 37 14 3 20 27 18 30 28 
b --> 15 13 12 11 10 9 8 7 5 4 2 1 48 47 46 45 43 42 41 40 39 38 36 35 33 32 31 29 26 25 24 23 21 19 17 16 
------------------------------------------
Exec rb:
a --> 6 49 22 44 34 50 37 14 3 20 27 18 30 28 
b --> 13 12 11 10 9 8 7 5 4 2 1 48 47 46 45 43 42 41 40 39 38 36 35 33 32 31 29 26 25 24 23 21 19 17 16 15 
------------------------------------------
Exec rb:
a --> 6 49 22 44 34 50 37 14 3 20 27 18 30 28 
b --> 12 11 10 9 8 7 5 4 2 1 48 47 46 45 43 42 41 40 39 38 36 35 33 32 31 29 26 25 24 23 21 19 17 16 15 13 
------------------------------------------
Exec rb:
a --> 6 49 22 44 34 50 37 14 3 20 27 18 30 28 
b --> 11 10 9 8 7 5 4 2 1 48 47 46 45 43 42 41 40 39 38 36 35 33 32 31 29 26 25 24 23 21 19 17 16 15 13 12 
------------------------------------------
Exec rb:
a --> 6 49 22 44 34 50 37 14 3 20 27 18 30 28 
b --> 10 9 8 7 5 4 2 1 48 47 46 45 43 42 41 40 39 38 36 35 33 32 31 29 26 25 24 23 21 19 17 16 15 13 12 11 
------------------------------------------
Exec rb:
a --> 6 49 22 44 34 50 37 14 3 20 27 18 30 28 
b --> 9 8 7 5 4 2 1 48 47 46 45 43 42 41 40 39 38 36 35 33 32 31 29 26 25 24 23 21 19 17 16 15 13 12 11 10 
------------------------------------------
Exec rb:
a --> 6 49 22 44 34 50 37 14 3 20 27 18 30 28 
b --> 8 7 5 4 2 1 48 47 46 45 43 42 41 40 39 38 36 35 33 32 31 29 26 25 24 23 21 19 17 16 15 13 12 11 10 9 
------------------------------------------
Exec rb:
a --> 6 49 22 44 34 50 37 14 3 20 27 18 30 28 
b --> 7 5 4 2 1 48 47 46 45 43 42 41 40 39 38 36 35 33 32 31 29 26 25 24 23 21 19 17 16 15 13 12 11 10 9 8 
------------------------------------------
Exec rb:
a --> 6 49 22 44 34 50 37 14 3 20 27 18 30 28 
b --> 5 4 2 1 48 47 46 45 43 42 41 40 39 38 36 35 33 32 31 29 26 25 24 23 21 19 17 16 15 13 12 11 10 9 8 7 
------------------------------------------
Exec pb:
a --> 49 22 44 34 50 37 14 3 20 27 18 30 28 
b --> 6 5 4 2 1 48 47 46 45 43 42 41 40 39 38 36 35 33 32 31 29 26 25 24 23 21 19 17 16 15 13 12 11 10 9 8 7 
------------------------------------------
Exec sa:
a --> 22 49 44 34 50 37 14 3 20 27 18 30 28 
b --> 6 5 4 2 1 48 47 46 45 43 42 41 40 39 38 36 35 33 32 31 29 26 25 24 23 21 19 17 16 15 13 12 11 10 9 8 7 
------------------------------------------
Exec rrb:
a --> 22 49 44 34 50 37 14 3 20 27 18 30 28 
b --> 7 6 5 4 2 1 48 47 46 45 43 42 41 40 39 38 36 35 33 32 31 29 26 25 24 23 21 19 17 16 15 13 12 11 10 9 8 
------------------------------------------
Exec rrb:
a --> 22 49 44 34 50 37 14 3 20 27 18 30 28 
b --> 8 7 6 5 4 2 1 48 47 46 45 43 42 41 40 39 38 36 35 33 32 31 29 26 25 24 23 21 19 17 16 15 13 12 11 10 9 
------------------------------------------
Exec rrb:
a --> 22 49 44 34 50 37 14 3 20 27 18 30 28 
b --> 9 8 7 6 5 4 2 1 48 47 46 45 43 42 41 40 39 38 36 35 33 32 31 29 26 25 24 23 21 19 17 16 15 13 12 11 10 
------------------------------------------
Exec rrb:
a --> 22 49 44 34 50 37 14 3 20 27 18 30 28 
b --> 10 9 8 7 6 5 4 2 1 48 47 46 45 43 42 41 40 39 38 36 35 33 32 31 29 26 25 24 23 21 19 17 16 15 13 12 11 
------------------------------------------
Exec rrb:
a --> 22 49 44 34 50 37 14 3 20 27 18 30 28 
b --> 11 10 9 8 7 6 5 4 2 1 48 47 46 45 43 42 41 40 39 38 36 35 33 32 31 29 26 25 24 23 21 19 17 16 15 13 12 
------------------------------------------
Exec rrb:
a --> 22 49 44 34 50 37 14 3 20 27 18 30 28 
b --> 12 11 10 9 8 7 6 5 4 2 1 48 47 46 45 43 42 41 40 39 38 36 35 33 32 31 29 26 25 24 23 21 19 17 16 15 13 
------------------------------------------
Exec rrb:
a --> 22 49 44 34 50 37 14 3 20 27 18 30 28 
b --> 13 12 11 10 9 8 7 6 5 4 2 1 48 47 46 45 43 42 41 40 39 38 36 35 33 32 31 29 26 25 24 23 21 19 17 16 15 
------------------------------------------
Exec rrb:
a --> 22 49 44 34 50 37 14 3 20 27 18 30 28 
b --> 15 13 12 11 10 9 8 7 6 5 4 2 1 48 47 46 45 43 42 41 40 39 38 36 35 33 32 31 29 26 25 24 23 21 19 17 16 
------------------------------------------
Exec rrb:
a --> 22 49 44 34 50 37 14 3 20 27 18 30 28 
b --> 16 15 13 12 11 10 9 8 7 6 5 4 2 1 48 47 46 45 43 42 41 40 39 38 36 35 33 32 31 29 26 25 24 23 21 19 17 
------------------------------------------
Exec rrb:
a --> 22 49 44 34 50 37 14 3 20 27 18 30 28 
b --> 17 16 15 13 12 11 10 9 8 7 6 5 4 2 1 48 47 46 45 43 42 41 40 39 38 36 35 33 32 31 29 26 25 24 23 21 19 
------------------------------------------
Exec rrb:
a --> 22 49 44 34 50 37 14 3 20 27 18 30 28 
b --> 19 17 16 15 13 12 11 10 9 8 7 6 5 4 2 1 48 47 46 45 43 42 41 40 39 38 36 35 33 32 31 29 26 25 24 23 21 
------------------------------------------
Exec rrb:
a --> 22 49 44 34 50 37 14 3 20 27 18 30 28 
b --> 21 19 17 16 15 13 12 11 10 9 8 7 6 5 4 2 1 48 47 46 45 43 42 41 40 39 38 36 35 33 32 31 29 26 25 24 23 
------------------------------------------
Exec pb:
a --> 49 44 34 50 37 14 3 20 27 18 30 28 
b --> 22 21 19 17 16 15 13 12 11 10 9 8 7 6 5 4 2 1 48 47 46 45 43 42 41 40 39 38 36 35 33 32 31 29 26 25 24 23 
------------------------------------------
Exec sa:
a --> 44 49 34 50 37 14 3 20 27 18 30 28 
b --> 22 21 19 17 16 15 13 12 11 10 9 8 7 6 5 4 2 1 48 47 46 45 43 42 41 40 39 38 36 35 33 32 31 29 26 25 24 23 
------------------------------------------
Exec rrb:
a --> 44 49 34 50 37 14 3 20 27 18 30 28 
b --> 23 22 21 19 17 16 15 13 12 11 10 9 8 7 6 5 4 2 1 48 47 46 45 43 42 41 40 39 38 36 35 33 32 31 29 26 25 24 
------------------------------------------
Exec rrb:
a --> 44 49 34 50 37 14 3 20 27 18 30 28 
b --> 24 23 22 21 19 17 16 15 13 12 11 10 9 8 7 6 5 4 2 1 48 47 46 45 43 42 41 40 39 38 36 35 33 32 31 29 26 25 
------------------------------------------
Exec rrb:
a --> 44 49 34 50 37 14 3 20 27 18 30 28 
b --> 25 24 23 22 21 19 17 16 15 13 12 11 10 9 8 7 6 5 4 2 1 48 47 46 45 43 42 41 40 39 38 36 35 33 32 31 29 26 
------------------------------------------
Exec rrb:
a --> 44 49 34 50 37 14 3 20 27 18 30 28 
b --> 26 25 24 23 22 21 19 17 16 15 13 12 11 10 9 8 7 6 5 4 2 1 48 47 46 45 43 42 41 40 39 38 36 35 33 32 31 29 
------------------------------------------
Exec rrb:
a --> 44 49 34 50 37 14 3 20 27 18 30 28 
b --> 29 26 25 24 23 22 21 19 17 16 15 13 12 11 10 9 8 7 6 5 4 2 1 48 47 46 45 43 42 41 40 39 38 36 35 33 32 31 
------------------------------------------
Exec rrb:
a --> 44 49 34 50 37 14 3 20 27 18 30 28 
b --> 31 29 26 25 24 23 22 21 19 17 16 15 13 12 11 10 9 8 7 6 5 4 2 1 48 47 46 45 43 42 41 40 39 38 36 35 33 32 
------------------------------------------
Exec rrb:
a --> 44 49 34 50 37 14 3 20 27 18 30 28 
b --> 32 31 29 26 25 24 23 22 21 19 17 16 15 13 12 11 10 9 8 7 6 5 4 2 1 48 47 46 45 43 42 41 40 39 38 36 35 33 
------------------------------------------
Exec rrb:
a --> 44 49 34 50 37 14 3 20 27 18 30 28 
b --> 33 32 31 29 26 25 24 23 22 21 19 17 16 15 13 12 11 10 9 8 7 6 5 4 2 1 48 47 46 45 43 42 41 40 39 38 36 35 
------------------------------------------
Exec rrb:
a --> 44 49 34 50 37 14 3 20 27 18 30 28 
b --> 35 33 32 31 29 26 25 24 23 22 21 19 17 16 15 13 12 11 10 9 8 7 6 5 4 2 1 48 47 46 45 43 42 41 40 39 38 36 
------------------------------------------
Exec rrb:
a --> 44 49 34 50 37 14 3 20 27 18 30 28 
b --> 36 35 33 32 31 29 26 25 24 23 22 21 19 17 16 15 13 12 11 10 9 8 7 6 5 4 2 1 48 47 46 45 43 42 41 40 39 38 
------------------------------------------
Exec rrb:
a --> 44 49 34 50 37 14 3 20 27 18 30 28 
b --> 38 36 35 33 32 31 29 26 25 24 23 22 21 19 17 16 15 13 12 11 10 9 8 7 6 5 4 2 1 48 47 46 45 43 42 41 40 39 
------------------------------------------
Exec rrb:
a --> 44 49 34 50 37 14 3 20 27 18 30 28 
b --> 39 38 36 35 33 32 31 29 26 25 24 23 22 21 19 17 16 15 13 12 11 10 9 8 7 6 5 4 2 1 48 47 46 45 43 42 41 40 
------------------------------------------
Exec rrb:
a --> 44 49 34 50 37 14 3 20 27 18 30 28 
b --> 40 39 38 36 35 33 32 31 29 26 25 24 23 22 21 19 17 16 15 13 12 11 10 9 8 7 6 5 4 2 1 48 47 46 45 43 42 41 
------------------------------------------
Exec rrb:
a --> 44 49 34 50 37 14 3 20 27 18 30 28 
b --> 41 40 39 38 36 35 33 32 31 29 26 25 24 23 22 21 19 17 16 15 13 12 11 10 9 8 7 6 5 4 2 1 48 47 46 45 43 42 
------------------------------------------
Exec rrb:
a --> 44 49 34 50 37 14 3 20 27 18 30 28 
b --> 42 41 40 39 38 36 35 33 32 31 29 26 25 24 23 22 21 19 17 16 15 13 12 11 10 9 8 7 6 5 4 2 1 48 47 46 45 43 
------------------------------------------
Exec rrb:
a --> 44 49 34 50 37 14 3 20 27 18 30 28 
b --> 43 42 41 40 39 38 36 35 33 32 31 29 26 25 24 23 22 21 19 17 16 15 13 12 11 10 9 8 7 6 5 4 2 1 48 47 46 45 
------------------------------------------
Exec pb:
a --> 49 34 50 37 14 3 20 27 18 30 28 
b --> 44 43 42 41 40 39 38 36 35 33 32 31 29 26 25 24 23 22 21 19 17 16 15 13 12 11 10 9 8 7 6 5 4 2 1 48 47 46 45 
------------------------------------------
Exec pb:
a --> 34 50 37 14 3 20 27 18 30 28 
b --> 49 48 47 46 45 44 43 42 41 40 39 38 36 35 33 32 31 29 26 25 24 23 22 21 19 17 16 15 13 12 11 10 9 8 7 6 5 4 2 1 
------------------------------------------
Exec sa:
a --> 50 34 37 14 3 20 27 18 30 28 
b --> 49 48 47 46 45 44 43 42 41 40 39 38 36 35 33 32 31 29 26 25 24 23 22 21 19 17 16 15 13 12 11 10 9 8 7 6 5 4 2 1 
------------------------------------------
Exec pb:
a --> 34 37 14 3 20 27 18 30 28 
b --> 50 49 48 47 46 45 44 43 42 41 40 39 38 36 35 33 32 31 29 26 25 24 23 22 21 19 17 16 15 13 12 11 10 9 8 7 6 5 4 2 1 
------------------------------------------
Exec sa:
a --> 37 34 14 3 20 27 18 30 28 
b --> 50 49 48 47 46 45 44 43 42 41 40 39 38 36 35 33 32 31 29 26 25 24 23 22 21 19 17 16 15 13 12 11 10 9 8 7 6 5 4 2 1 
------------------------------------------
Exec rb:
a --> 37 34 14 3 20 27 18 30 28 
b --> 49 48 47 46 45 44 43 42 41 40 39 38 36 35 33 32 31 29 26 25 24 23 22 21 19 17 16 15 13 12 11 10 9 8 7 6 5 4 2 1 50 
------------------------------------------
Exec rb:
a --> 37 34 14 3 20 27 18 30 28 
b --> 48 47 46 45 44 43 42 41 40 39 38 36 35 33 32 31 29 26 25 24 23 22 21 19 17 16 15 13 12 11 10 9 8 7 6 5 4 2 1 50 49 
------------------------------------------
Exec rb:
a --> 37 34 14 3 20 27 18 30 28 
b --> 47 46 45 44 43 42 41 40 39 38 36 35 33 32 31 29 26 25 24 23 22 21 19 17 16 15 13 12 11 10 9 8 7 6 5 4 2 1 50 49 48 
------------------------------------------
Exec rb:
a --> 37 34 14 3 20 27 18 30 28 
b --> 46 45 44 43 42 41 40 39 38 36 35 33 32 31 29 26 25 24 23 22 21 19 17 16 15 13 12 11 10 9 8 7 6 5 4 2 1 50 49 48 47 
------------------------------------------
Exec rb:
a --> 37 34 14 3 20 27 18 30 28 
b --> 45 44 43 42 41 40 39 38 36 35 33 32 31 29 26 25 24 23 22 21 19 17 16 15 13 12 11 10 9 8 7 6 5 4 2 1 50 49 48 47 46 
------------------------------------------
Exec rb:
a --> 37 34 14 3 20 27 18 30 28 
b --> 44 43 42 41 40 39 38 36 35 33 32 31 29 26 25 24 23 22 21 19 17 16 15 13 12 11 10 9 8 7 6 5 4 2 1 50 49 48 47 46 45 
------------------------------------------
Exec rb:
a --> 37 34 14 3 20 27 18 30 28 
b --> 43 42 41 40 39 38 36 35 33 32 31 29 26 25 24 23 22 21 19 17 16 15 13 12 11 10 9 8 7 6 5 4 2 1 50 49 48 47 46 45 44 
------------------------------------------
Exec rb:
a --> 37 34 14 3 20 27 18 30 28 
b --> 42 41 40 39 38 36 35 33 32 31 29 26 25 24 23 22 21 19 17 16 15 13 12 11 10 9 8 7 6 5 4 2 1 50 49 48 47 46 45 44 43 
------------------------------------------
Exec rb:
a --> 37 34 14 3 20 27 18 30 28 
b --> 41 40 39 38 36 35 33 32 31 29 26 25 24 23 22 21 19 17 16 15 13 12 11 10 9 8 7 6 5 4 2 1 50 49 48 47 46 45 44 43 42 
------------------------------------------
Exec rb:
a --> 37 34 14 3 20 27 18 30 28 
b --> 40 39 38 36 35 33 32 31 29 26 25 24 23 22 21 19 17 16 15 13 12 11 10 9 8 7 6 5 4 2 1 50 49 48 47 46 45 44 43 42 41 
------------------------------------------
Exec rb:
a --> 37 34 14 3 20 27 18 30 28 
b --> 39 38 36 35 33 32 31 29 26 25 24 23 22 21 19 17 16 15 13 12 11 10 9 8 7 6 5 4 2 1 50 49 48 47 46 45 44 43 42 41 40 
------------------------------------------
Exec rb:
a --> 37 34 14 3 20 27 18 30 28 
b --> 38 36 35 33 32 31 29 26 25 24 23 22 21 19 17 16 15 13 12 11 10 9 8 7 6 5 4 2 1 50 49 48 47 46 45 44 43 42 41 40 39 
------------------------------------------
Exec rb:
a --> 37 34 14 3 20 27 18 30 28 
b --> 36 35 33 32 31 29 26 25 24 23 22 21 19 17 16 15 13 12 11 10 9 8 7 6 5 4 2 1 50 49 48 47 46 45 44 43 42 41 40 39 38 
------------------------------------------
Exec pb:
a --> 34 14 3 20 27 18 30 28 
b --> 37 36 35 33 32 31 29 26 25 24 23 22 21 19 17 16 15 13 12 11 10 9 8 7 6 5 4 2 1 50 49 48 47 46 45 44 43 42 41 40 39 38 
------------------------------------------
Exec rb:
a --> 34 14 3 20 27 18 30 28 
b --> 36 35 33 32 31 29 26 25 24 23 22 21 19 17 16 15 13 12 11 10 9 8 7 6 5 4 2 1 50 49 48 47 46 45 44 43 42 41 40 39 38 37 
------------------------------------------
Exec rb:
a --> 34 14 3 20 27 18 30 28 
b --> 35 33 32 31 29 26 25 24 23 22 21 19 17 16 15 13 12 11 10 9 8 7 6 5 4 2 1 50 49 48 47 46 45 44 43 42 41 40 39 38 37 36 
------------------------------------------
Exec rb:
a --> 34 14 3 20 27 18 30 28 
b --> 33 32 31 29 26 25 24 23 22 21 19 17 16 15 13 12 11 10 9 8 7 6 5 4 2 1 50 49 48 47 46 45 44 43 42 41 40 39 38 37 36 35 
------------------------------------------
Exec pb:
a --> 14 3 20 27 18 30 28 
b --> 34 33 32 31 29 26 25 24 23 22 21 19 17 16 15 13 12 11 10 9 8 7 6 5 4 2 1 50 49 48 47 46 45 44 43 42 41 40 39 38 37 36 35 
------------------------------------------
Exec rb:
a --> 14 3 20 27 18 30 28 
b --> 33 32 31 29 26 25 24 23 22 21 19 17 16 15 13 12 11 10 9 8 7 6 5 4 2 1 50 49 48 47 46 45 44 43 42 41 40 39 38 37 36 35 34 
------------------------------------------
Exec rb:
a --> 14 3 20 27 18 30 28 
b --> 32 31 29 26 25 24 23 22 21 19 17 16 15 13 12 11 10 9 8 7 6 5 4 2 1 50 49 48 47 46 45 44 43 42 41 40 39 38 37 36 35 34 33 
------------------------------------------
Exec rb:
a --> 14 3 20 27 18 30 28 
b --> 31 29 26 25 24 23 22 21 19 17 16 15 13 12 11 10 9 8 7 6 5 4 2 1 50 49 48 47 46 45 44 43 42 41 40 39 38 37 36 35 34 33 32 
------------------------------------------
Exec rb:
a --> 14 3 20 27 18 30 28 
b --> 29 26 25 24 23 22 21 19 17 16 15 13 12 11 10 9 8 7 6 5 4 2 1 50 49 48 47 46 45 44 43 42 41 40 39 38 37 36 35 34 33 32 31 
------------------------------------------
Exec rb:
a --> 14 3 20 27 18 30 28 
b --> 26 25 24 23 22 21 19 17 16 15 13 12 11 10 9 8 7 6 5 4 2 1 50 49 48 47 46 45 44 43 42 41 40 39 38 37 36 35 34 33 32 31 29 
------------------------------------------
Exec rb:
a --> 14 3 20 27 18 30 28 
b --> 25 24 23 22 21 19 17 16 15 13 12 11 10 9 8 7 6 5 4 2 1 50 49 48 47 46 45 44 43 42 41 40 39 38 37 36 35 34 33 32 31 29 26 
------------------------------------------
Exec rb:
a --> 14 3 20 27 18 30 28 
b --> 24 23 22 21 19 17 16 15 13 12 11 10 9 8 7 6 5 4 2 1 50 49 48 47 46 45 44 43 42 41 40 39 38 37 36 35 34 33 32 31 29 26 25 
------------------------------------------
Exec rb:
a --> 14 3 20 27 18 30 28 
b --> 23 22 21 19 17 16 15 13 12 11 10 9 8 7 6 5 4 2 1 50 49 48 47 46 45 44 43 42 41 40 39 38 37 36 35 34 33 32 31 29 26 25 24 
------------------------------------------
Exec rb:
a --> 14 3 20 27 18 30 28 
b --> 22 21 19 17 16 15 13 12 11 10 9 8 7 6 5 4 2 1 50 49 48 47 46 45 44 43 42 41 40 39 38 37 36 35 34 33 32 31 29 26 25 24 23 
------------------------------------------
Exec rb:
a --> 14 3 20 27 18 30 28 
b --> 21 19 17 16 15 13 12 11 10 9 8 7 6 5 4 2 1 50 49 48 47 46 45 44 43 42 41 40 39 38 37 36 35 34 33 32 31 29 26 25 24 23 22 
------------------------------------------
Exec rb:
a --> 14 3 20 27 18 30 28 
b --> 19 17 16 15 13 12 11 10 9 8 7 6 5 4 2 1 50 49 48 47 46 45 44 43 42 41 40 39 38 37 36 35 34 33 32 31 29 26 25 24 23 22 21 
------------------------------------------
Exec rb:
a --> 14 3 20 27 18 30 28 
b --> 17 16 15 13 12 11 10 9 8 7 6 5 4 2 1 50 49 48 47 46 45 44 43 42 41 40 39 38 37 36 35 34 33 32 31 29 26 25 24 23 22 21 19 
------------------------------------------
Exec rb:
a --> 14 3 20 27 18 30 28 
b --> 16 15 13 12 11 10 9 8 7 6 5 4 2 1 50 49 48 47 46 45 44 43 42 41 40 39 38 37 36 35 34 33 32 31 29 26 25 24 23 22 21 19 17 
------------------------------------------
Exec rb:
a --> 14 3 20 27 18 30 28 
b --> 15 13 12 11 10 9 8 7 6 5 4 2 1 50 49 48 47 46 45 44 43 42 41 40 39 38 37 36 35 34 33 32 31 29 26 25 24 23 22 21 19 17 16 
------------------------------------------
Exec rb:
a --> 14 3 20 27 18 30 28 
b --> 13 12 11 10 9 8 7 6 5 4 2 1 50 49 48 47 46 45 44 43 42 41 40 39 38 37 36 35 34 33 32 31 29 26 25 24 23 22 21 19 17 16 15 
------------------------------------------
Exec pb:
a --> 3 20 27 18 30 28 
b --> 14 13 12 11 10 9 8 7 6 5 4 2 1 50 49 48 47 46 45 44 43 42 41 40 39 38 37 36 35 34 33 32 31 29 26 25 24 23 22 21 19 17 16 15 
------------------------------------------
Exec sa:
a --> 20 3 27 18 30 28 
b --> 14 13 12 11 10 9 8 7 6 5 4 2 1 50 49 48 47 46 45 44 43 42 41 40 39 38 37 36 35 34 33 32 31 29 26 25 24 23 22 21 19 17 16 15 
------------------------------------------
Exec rrb:
a --> 20 3 27 18 30 28 
b --> 15 14 13 12 11 10 9 8 7 6 5 4 2 1 50 49 48 47 46 45 44 43 42 41 40 39 38 37 36 35 34 33 32 31 29 26 25 24 23 22 21 19 17 16 
------------------------------------------
Exec rrb:
a --> 20 3 27 18 30 28 
b --> 16 15 14 13 12 11 10 9 8 7 6 5 4 2 1 50 49 48 47 46 45 44 43 42 41 40 39 38 37 36 35 34 33 32 31 29 26 25 24 23 22 21 19 17 
------------------------------------------
Exec rrb:
a --> 20 3 27 18 30 28 
b --> 17 16 15 14 13 12 11 10 9 8 7 6 5 4 2 1 50 49 48 47 46 45 44 43 42 41 40 39 38 37 36 35 34 33 32 31 29 26 25 24 23 22 21 19 
------------------------------------------
Exec rrb:
a --> 20 3 27 18 30 28 
b --> 19 17 16 15 14 13 12 11 10 9 8 7 6 5 4 2 1 50 49 48 47 46 45 44 43 42 41 40 39 38 37 36 35 34 33 32 31 29 26 25 24 23 22 21 
------------------------------------------
Exec pb:
a --> 3 27 18 30 28 
b --> 20 19 17 16 15 14 13 12 11 10 9 8 7 6 5 4 2 1 50 49 48 47 46 45 44 43 42 41 40 39 38 37 36 35 34 33 32 31 29 26 25 24 23 22 21 
------------------------------------------
Exec sa:
a --> 27 3 18 30 28 
b --> 20 19 17 16 15 14 13 12 11 10 9 8 7 6 5 4 2 1 50 49 48 47 46 45 44 43 42 41 40 39 38 37 36 35 34 33 32 31 29 26 25 24 23 22 21 
------------------------------------------
Exec rrb:
a --> 27 3 18 30 28 
b --> 21 20 19 17 16 15 14 13 12 11 10 9 8 7 6 5 4 2 1 50 49 48 47 46 45 44 43 42 41 40 39 38 37 36 35 34 33 32 31 29 26 25 24 23 22 
------------------------------------------
Exec rrb:
a --> 27 3 18 30 28 
b --> 22 21 20 19 17 16 15 14 13 12 11 10 9 8 7 6 5 4 2 1 50 49 48 47 46 45 44 43 42 41 40 39 38 37 36 35 34 33 32 31 29 26 25 24 23 
------------------------------------------
Exec rrb:
a --> 27 3 18 30 28 
b --> 23 22 21 20 19 17 16 15 14 13 12 11 10 9 8 7 6 5 4 2 1 50 49 48 47 46 45 44 43 42 41 40 39 38 37 36 35 34 33 32 31 29 26 25 24 
------------------------------------------
Exec rrb:
a --> 27 3 18 30 28 
b --> 24 23 22 21 20 19 17 16 15 14 13 12 11 10 9 8 7 6 5 4 2 1 50 49 48 47 46 45 44 43 42 41 40 39 38 37 36 35 34 33 32 31 29 26 25 
------------------------------------------
Exec rrb:
a --> 27 3 18 30 28 
b --> 25 24 23 22 21 20 19 17 16 15 14 13 12 11 10 9 8 7 6 5 4 2 1 50 49 48 47 46 45 44 43 42 41 40 39 38 37 36 35 34 33 32 31 29 26 
------------------------------------------
Exec rrb:
a --> 27 3 18 30 28 
b --> 26 25 24 23 22 21 20 19 17 16 15 14 13 12 11 10 9 8 7 6 5 4 2 1 50 49 48 47 46 45 44 43 42 41 40 39 38 37 36 35 34 33 32 31 29 
------------------------------------------
Exec pb:
a --> 3 18 30 28 
b --> 27 26 25 24 23 22 21 20 19 17 16 15 14 13 12 11 10 9 8 7 6 5 4 2 1 50 49 48 47 46 45 44 43 42 41 40 39 38 37 36 35 34 33 32 31 29 
------------------------------------------
Exec sa:
a --> 18 3 30 28 
b --> 27 26 25 24 23 22 21 20 19 17 16 15 14 13 12 11 10 9 8 7 6 5 4 2 1 50 49 48 47 46 45 44 43 42 41 40 39 38 37 36 35 34 33 32 31 29 
------------------------------------------
Exec rb:
a --> 18 3 30 28 
b --> 26 25 24 23 22 21 20 19 17 16 15 14 13 12 11 10 9 8 7 6 5 4 2 1 50 49 48 47 46 45 44 43 42 41 40 39 38 37 36 35 34 33 32 31 29 27 
------------------------------------------
Exec rb:
a --> 18 3 30 28 
b --> 25 24 23 22 21 20 19 17 16 15 14 13 12 11 10 9 8 7 6 5 4 2 1 50 49 48 47 46 45 44 43 42 41 40 39 38 37 36 35 34 33 32 31 29 27 26 
------------------------------------------
Exec rb:
a --> 18 3 30 28 
b --> 24 23 22 21 20 19 17 16 15 14 13 12 11 10 9 8 7 6 5 4 2 1 50 49 48 47 46 45 44 43 42 41 40 39 38 37 36 35 34 33 32 31 29 27 26 25 
------------------------------------------
Exec rb:
a --> 18 3 30 28 
b --> 23 22 21 20 19 17 16 15 14 13 12 11 10 9 8 7 6 5 4 2 1 50 49 48 47 46 45 44 43 42 41 40 39 38 37 36 35 34 33 32 31 29 27 26 25 24 
------------------------------------------
Exec rb:
a --> 18 3 30 28 
b --> 22 21 20 19 17 16 15 14 13 12 11 10 9 8 7 6 5 4 2 1 50 49 48 47 46 45 44 43 42 41 40 39 38 37 36 35 34 33 32 31 29 27 26 25 24 23 
------------------------------------------
Exec rb:
a --> 18 3 30 28 
b --> 21 20 19 17 16 15 14 13 12 11 10 9 8 7 6 5 4 2 1 50 49 48 47 46 45 44 43 42 41 40 39 38 37 36 35 34 33 32 31 29 27 26 25 24 23 22 
------------------------------------------
Exec rb:
a --> 18 3 30 28 
b --> 20 19 17 16 15 14 13 12 11 10 9 8 7 6 5 4 2 1 50 49 48 47 46 45 44 43 42 41 40 39 38 37 36 35 34 33 32 31 29 27 26 25 24 23 22 21 
------------------------------------------
Exec rb:
a --> 18 3 30 28 
b --> 19 17 16 15 14 13 12 11 10 9 8 7 6 5 4 2 1 50 49 48 47 46 45 44 43 42 41 40 39 38 37 36 35 34 33 32 31 29 27 26 25 24 23 22 21 20 
------------------------------------------
Exec rb:
a --> 18 3 30 28 
b --> 17 16 15 14 13 12 11 10 9 8 7 6 5 4 2 1 50 49 48 47 46 45 44 43 42 41 40 39 38 37 36 35 34 33 32 31 29 27 26 25 24 23 22 21 20 19 
------------------------------------------
Exec pb:
a --> 3 30 28 
b --> 18 17 16 15 14 13 12 11 10 9 8 7 6 5 4 2 1 50 49 48 47 46 45 44 43 42 41 40 39 38 37 36 35 34 33 32 31 29 27 26 25 24 23 22 21 20 19 
------------------------------------------
Exec sa:
a --> 30 3 28 
b --> 18 17 16 15 14 13 12 11 10 9 8 7 6 5 4 2 1 50 49 48 47 46 45 44 43 42 41 40 39 38 37 36 35 34 33 32 31 29 27 26 25 24 23 22 21 20 19 
------------------------------------------
Exec rrb:
a --> 30 3 28 
b --> 19 18 17 16 15 14 13 12 11 10 9 8 7 6 5 4 2 1 50 49 48 47 46 45 44 43 42 41 40 39 38 37 36 35 34 33 32 31 29 27 26 25 24 23 22 21 20 
------------------------------------------
Exec rrb:
a --> 30 3 28 
b --> 20 19 18 17 16 15 14 13 12 11 10 9 8 7 6 5 4 2 1 50 49 48 47 46 45 44 43 42 41 40 39 38 37 36 35 34 33 32 31 29 27 26 25 24 23 22 21 
------------------------------------------
Exec rrb:
a --> 30 3 28 
b --> 21 20 19 18 17 16 15 14 13 12 11 10 9 8 7 6 5 4 2 1 50 49 48 47 46 45 44 43 42 41 40 39 38 37 36 35 34 33 32 31 29 27 26 25 24 23 22 
------------------------------------------
Exec rrb:
a --> 30 3 28 
b --> 22 21 20 19 18 17 16 15 14 13 12 11 10 9 8 7 6 5 4 2 1 50 49 48 47 46 45 44 43 42 41 40 39 38 37 36 35 34 33 32 31 29 27 26 25 24 23 
------------------------------------------
Exec rrb:
a --> 30 3 28 
b --> 23 22 21 20 19 18 17 16 15 14 13 12 11 10 9 8 7 6 5 4 2 1 50 49 48 47 46 45 44 43 42 41 40 39 38 37 36 35 34 33 32 31 29 27 26 25 24 
------------------------------------------
Exec rrb:
a --> 30 3 28 
b --> 24 23 22 21 20 19 18 17 16 15 14 13 12 11 10 9 8 7 6 5 4 2 1 50 49 48 47 46 45 44 43 42 41 40 39 38 37 36 35 34 33 32 31 29 27 26 25 
------------------------------------------
Exec rrb:
a --> 30 3 28 
b --> 25 24 23 22 21 20 19 18 17 16 15 14 13 12 11 10 9 8 7 6 5 4 2 1 50 49 48 47 46 45 44 43 42 41 40 39 38 37 36 35 34 33 32 31 29 27 26 
------------------------------------------
Exec rrb:
a --> 30 3 28 
b --> 26 25 24 23 22 21 20 19 18 17 16 15 14 13 12 11 10 9 8 7 6 5 4 2 1 50 49 48 47 46 45 44 43 42 41 40 39 38 37 36 35 34 33 32 31 29 27 
------------------------------------------
Exec rrb:
a --> 30 3 28 
b --> 27 26 25 24 23 22 21 20 19 18 17 16 15 14 13 12 11 10 9 8 7 6 5 4 2 1 50 49 48 47 46 45 44 43 42 41 40 39 38 37 36 35 34 33 32 31 29 
------------------------------------------
Exec rrb:
a --> 30 3 28 
b --> 29 27 26 25 24 23 22 21 20 19 18 17 16 15 14 13 12 11 10 9 8 7 6 5 4 2 1 50 49 48 47 46 45 44 43 42 41 40 39 38 37 36 35 34 33 32 31 
------------------------------------------
Exec pb:
a --> 3 28 
b --> 30 29 27 26 25 24 23 22 21 20 19 18 17 16 15 14 13 12 11 10 9 8 7 6 5 4 2 1 50 49 48 47 46 45 44 43 42 41 40 39 38 37 36 35 34 33 32 31 
------------------------------------------
Exec sa:
a --> 28 3 
b --> 30 29 27 26 25 24 23 22 21 20 19 18 17 16 15 14 13 12 11 10 9 8 7 6 5 4 2 1 50 49 48 47 46 45 44 43 42 41 40 39 38 37 36 35 34 33 32 31 
------------------------------------------
Exec rb:
a --> 28 3 
b --> 29 27 26 25 24 23 22 21 20 19 18 17 16 15 14 13 12 11 10 9 8 7 6 5 4 2 1 50 49 48 47 46 45 44 43 42 41 40 39 38 37 36 35 34 33 32 31 30 
------------------------------------------
Exec rb:
a --> 28 3 
b --> 27 26 25 24 23 22 21 20 19 18 17 16 15 14 13 12 11 10 9 8 7 6 5 4 2 1 50 49 48 47 46 45 44 43 42 41 40 39 38 37 36 35 34 33 32 31 30 29 
------------------------------------------
Exec pb:
a --> 3 
b --> 28 27 26 25 24 23 22 21 20 19 18 17 16 15 14 13 12 11 10 9 8 7 6 5 4 2 1 50 49 48 47 46 45 44 43 42 41 40 39 38 37 36 35 34 33 32 31 30 29 
------------------------------------------
Exec rrb:
a --> 3 
b --> 29 28 27 26 25 24 23 22 21 20 19 18 17 16 15 14 13 12 11 10 9 8 7 6 5 4 2 1 50 49 48 47 46 45 44 43 42 41 40 39 38 37 36 35 34 33 32 31 30 
------------------------------------------
Exec rrb:
a --> 3 
b --> 30 29 28 27 26 25 24 23 22 21 20 19 18 17 16 15 14 13 12 11 10 9 8 7 6 5 4 2 1 50 49 48 47 46 45 44 43 42 41 40 39 38 37 36 35 34 33 32 31 
------------------------------------------
Exec rrb:
a --> 3 
b --> 31 30 29 28 27 26 25 24 23 22 21 20 19 18 17 16 15 14 13 12 11 10 9 8 7 6 5 4 2 1 50 49 48 47 46 45 44 43 42 41 40 39 38 37 36 35 34 33 32 
------------------------------------------
Exec rrb:
a --> 3 
b --> 32 31 30 29 28 27 26 25 24 23 22 21 20 19 18 17 16 15 14 13 12 11 10 9 8 7 6 5 4 2 1 50 49 48 47 46 45 44 43 42 41 40 39 38 37 36 35 34 33 
------------------------------------------
Exec rrb:
a --> 3 
b --> 33 32 31 30 29 28 27 26 25 24 23 22 21 20 19 18 17 16 15 14 13 12 11 10 9 8 7 6 5 4 2 1 50 49 48 47 46 45 44 43 42 41 40 39 38 37 36 35 34 
------------------------------------------
Exec rrb:
a --> 3 
b --> 34 33 32 31 30 29 28 27 26 25 24 23 22 21 20 19 18 17 16 15 14 13 12 11 10 9 8 7 6 5 4 2 1 50 49 48 47 46 45 44 43 42 41 40 39 38 37 36 35 
------------------------------------------
Exec rrb:
a --> 3 
b --> 35 34 33 32 31 30 29 28 27 26 25 24 23 22 21 20 19 18 17 16 15 14 13 12 11 10 9 8 7 6 5 4 2 1 50 49 48 47 46 45 44 43 42 41 40 39 38 37 36 
------------------------------------------
Exec rrb:
a --> 3 
b --> 36 35 34 33 32 31 30 29 28 27 26 25 24 23 22 21 20 19 18 17 16 15 14 13 12 11 10 9 8 7 6 5 4 2 1 50 49 48 47 46 45 44 43 42 41 40 39 38 37 
------------------------------------------
Exec rrb:
a --> 3 
b --> 37 36 35 34 33 32 31 30 29 28 27 26 25 24 23 22 21 20 19 18 17 16 15 14 13 12 11 10 9 8 7 6 5 4 2 1 50 49 48 47 46 45 44 43 42 41 40 39 38 
------------------------------------------
Exec rrb:
a --> 3 
b --> 38 37 36 35 34 33 32 31 30 29 28 27 26 25 24 23 22 21 20 19 18 17 16 15 14 13 12 11 10 9 8 7 6 5 4 2 1 50 49 48 47 46 45 44 43 42 41 40 39 
------------------------------------------
Exec rrb:
a --> 3 
b --> 39 38 37 36 35 34 33 32 31 30 29 28 27 26 25 24 23 22 21 20 19 18 17 16 15 14 13 12 11 10 9 8 7 6 5 4 2 1 50 49 48 47 46 45 44 43 42 41 40 
------------------------------------------
Exec rrb:
a --> 3 
b --> 40 39 38 37 36 35 34 33 32 31 30 29 28 27 26 25 24 23 22 21 20 19 18 17 16 15 14 13 12 11 10 9 8 7 6 5 4 2 1 50 49 48 47 46 45 44 43 42 41 
------------------------------------------
Exec rrb:
a --> 3 
b --> 41 40 39 38 37 36 35 34 33 32 31 30 29 28 27 26 25 24 23 22 21 20 19 18 17 16 15 14 13 12 11 10 9 8 7 6 5 4 2 1 50 49 48 47 46 45 44 43 42 
------------------------------------------
Exec rrb:
a --> 3 
b --> 42 41 40 39 38 37 36 35 34 33 32 31 30 29 28 27 26 25 24 23 22 21 20 19 18 17 16 15 14 13 12 11 10 9 8 7 6 5 4 2 1 50 49 48 47 46 45 44 43 
------------------------------------------
Exec rrb:
a --> 3 
b --> 43 42 41 40 39 38 37 36 35 34 33 32 31 30 29 28 27 26 25 24 23 22 21 20 19 18 17 16 15 14 13 12 11 10 9 8 7 6 5 4 2 1 50 49 48 47 46 45 44 
------------------------------------------
Exec rrb:
a --> 3 
b --> 44 43 42 41 40 39 38 37 36 35 34 33 32 31 30 29 28 27 26 25 24 23 22 21 20 19 18 17 16 15 14 13 12 11 10 9 8 7 6 5 4 2 1 50 49 48 47 46 45 
------------------------------------------
Exec rrb:
a --> 3 
b --> 45 44 43 42 41 40 39 38 37 36 35 34 33 32 31 30 29 28 27 26 25 24 23 22 21 20 19 18 17 16 15 14 13 12 11 10 9 8 7 6 5 4 2 1 50 49 48 47 46 
------------------------------------------
Exec rrb:
a --> 3 
b --> 46 45 44 43 42 41 40 39 38 37 36 35 34 33 32 31 30 29 28 27 26 25 24 23 22 21 20 19 18 17 16 15 14 13 12 11 10 9 8 7 6 5 4 2 1 50 49 48 47 
------------------------------------------
Exec rrb:
a --> 3 
b --> 47 46 45 44 43 42 41 40 39 38 37 36 35 34 33 32 31 30 29 28 27 26 25 24 23 22 21 20 19 18 17 16 15 14 13 12 11 10 9 8 7 6 5 4 2 1 50 49 48 
------------------------------------------
Exec rrb:
a --> 3 
b --> 48 47 46 45 44 43 42 41 40 39 38 37 36 35 34 33 32 31 30 29 28 27 26 25 24 23 22 21 20 19 18 17 16 15 14 13 12 11 10 9 8 7 6 5 4 2 1 50 49 
------------------------------------------
Exec rrb:
a --> 3 
b --> 49 48 47 46 45 44 43 42 41 40 39 38 37 36 35 34 33 32 31 30 29 28 27 26 25 24 23 22 21 20 19 18 17 16 15 14 13 12 11 10 9 8 7 6 5 4 2 1 50 
------------------------------------------
Exec rrb:
a --> 3 
b --> 50 49 48 47 46 45 44 43 42 41 40 39 38 37 36 35 34 33 32 31 30 29 28 27 26 25 24 23 22 21 20 19 18 17 16 15 14 13 12 11 10 9 8 7 6 5 4 2 1 
------------------------------------------
Exec rrb:
a --> 3 
b --> 1 50 49 48 47 46 45 44 43 42 41 40 39 38 37 36 35 34 33 32 31 30 29 28 27 26 25 24 23 22 21 20 19 18 17 16 15 14 13 12 11 10 9 8 7 6 5 4 2 
------------------------------------------
Exec rrb:
a --> 3 
b --> 2 1 50 49 48 47 46 45 44 43 42 41 40 39 38 37 36 35 34 33 32 31 30 29 28 27 26 25 24 23 22 21 20 19 18 17 16 15 14 13 12 11 10 9 8 7 6 5 4 
------------------------------------------
Exec pb:
a --> 
b --> 3 2 1 50 49 48 47 46 45 44 43 42 41 40 39 38 37 36 35 34 33 32 31 30 29 28 27 26 25 24 23 22 21 20 19 18 17 16 15 14 13 12 11 10 9 8 7 6 5 4 
------------------------------------------
Exec rb:
a --> 
b --> 2 1 50 49 48 47 46 45 44 43 42 41 40 39 38 37 36 35 34 33 32 31 30 29 28 27 26 25 24 23 22 21 20 19 18 17 16 15 14 13 12 11 10 9 8 7 6 5 4 3 
------------------------------------------
Exec rb:
a --> 
b --> 1 50 49 48 47 46 45 44 43 42 41 40 39 38 37 36 35 34 33 32 31 30 29 28 27 26 25 24 23 22 21 20 19 18 17 16 15 14 13 12 11 10 9 8 7 6 5 4 3 2 
------------------------------------------
Exec rb:
a --> 
b --> 50 49 48 47 46 45 44 43 42 41 40 39 38 37 36 35 34 33 32 31 30 29 28 27 26 25 24 23 22 21 20 19 18 17 16 15 14 13 12 11 10 9 8 7 6 5 4 3 2 1 
------------------------------------------
Exec pa:
a --> 50 
b --> 49 48 47 46 45 44 43 42 41 40 39 38 37 36 35 34 33 32 31 30 29 28 27 26 25 24 23 22 21 20 19 18 17 16 15 14 13 12 11 10 9 8 7 6 5 4 3 2 1 
------------------------------------------
Exec pa:
a --> 49 50 
b --> 48 47 46 45 44 43 42 41 40 39 38 37 36 35 34 33 32 31 30 29 28 27 26 25 24 23 22 21 20 19 18 17 16 15 14 13 12 11 10 9 8 7 6 5 4 3 2 1 
------------------------------------------
Exec pa:
a --> 48 49 50 
b --> 47 46 45 44 43 42 41 40 39 38 37 36 35 34 33 32 31 30 29 28 27 26 25 24 23 22 21 20 19 18 17 16 15 14 13 12 11 10 9 8 7 6 5 4 3 2 1 
------------------------------------------
Exec pa:
a --> 47 48 49 50 
b --> 46 45 44 43 42 41 40 39 38 37 36 35 34 33 32 31 30 29 28 27 26 25 24 23 22 21 20 19 18 17 16 15 14 13 12 11 10 9 8 7 6 5 4 3 2 1 
------------------------------------------
Exec pa:
a --> 46 47 48 49 50 
b --> 45 44 43 42 41 40 39 38 37 36 35 34 33 32 31 30 29 28 27 26 25 24 23 22 21 20 19 18 17 16 15 14 13 12 11 10 9 8 7 6 5 4 3 2 1 
------------------------------------------
Exec pa:
a --> 45 46 47 48 49 50 
b --> 44 43 42 41 40 39 38 37 36 35 34 33 32 31 30 29 28 27 26 25 24 23 22 21 20 19 18 17 16 15 14 13 12 11 10 9 8 7 6 5 4 3 2 1 
------------------------------------------
Exec pa:
a --> 44 45 46 47 48 49 50 
b --> 43 42 41 40 39 38 37 36 35 34 33 32 31 30 29 28 27 26 25 24 23 22 21 20 19 18 17 16 15 14 13 12 11 10 9 8 7 6 5 4 3 2 1 
------------------------------------------
Exec pa:
a --> 43 44 45 46 47 48 49 50 
b --> 42 41 40 39 38 37 36 35 34 33 32 31 30 29 28 27 26 25 24 23 22 21 20 19 18 17 16 15 14 13 12 11 10 9 8 7 6 5 4 3 2 1 
------------------------------------------
Exec pa:
a --> 42 43 44 45 46 47 48 49 50 
b --> 41 40 39 38 37 36 35 34 33 32 31 30 29 28 27 26 25 24 23 22 21 20 19 18 17 16 15 14 13 12 11 10 9 8 7 6 5 4 3 2 1 
------------------------------------------
Exec pa:
a --> 41 42 43 44 45 46 47 48 49 50 
b --> 40 39 38 37 36 35 34 33 32 31 30 29 28 27 26 25 24 23 22 21 20 19 18 17 16 15 14 13 12 11 10 9 8 7 6 5 4 3 2 1 
------------------------------------------
Exec pa:
a --> 40 41 42 43 44 45 46 47 48 49 50 
b --> 39 38 37 36 35 34 33 32 31 30 29 28 27 26 25 24 23 22 21 20 19 18 17 16 15 14 13 12 11 10 9 8 7 6 5 4 3 2 1 
------------------------------------------
Exec pa:
a --> 39 40 41 42 43 44 45 46 47 48 49 50 
b --> 38 37 36 35 34 33 32 31 30 29 28 27 26 25 24 23 22 21 20 19 18 17 16 15 14 13 12 11 10 9 8 7 6 5 4 3 2 1 
------------------------------------------
Exec pa:
a --> 38 39 40 41 42 43 44 45 46 47 48 49 50 
b --> 37 36 35 34 33 32 31 30 29 28 27 26 25 24 23 22 21 20 19 18 17 16 15 14 13 12 11 10 9 8 7 6 5 4 3 2 1 
------------------------------------------
Exec pa:
a --> 37 38 39 40 41 42 43 44 45 46 47 48 49 50 
b --> 36 35 34 33 32 31 30 29 28 27 26 25 24 23 22 21 20 19 18 17 16 15 14 13 12 11 10 9 8 7 6 5 4 3 2 1 
------------------------------------------
Exec pa:
a --> 36 37 38 39 40 41 42 43 44 45 46 47 48 49 50 
b --> 35 34 33 32 31 30 29 28 27 26 25 24 23 22 21 20 19 18 17 16 15 14 13 12 11 10 9 8 7 6 5 4 3 2 1 
------------------------------------------
Exec pa:
a --> 35 36 37 38 39 40 41 42 43 44 45 46 47 48 49 50 
b --> 34 33 32 31 30 29 28 27 26 25 24 23 22 21 20 19 18 17 16 15 14 13 12 11 10 9 8 7 6 5 4 3 2 1 
------------------------------------------
Exec pa:
a --> 34 35 36 37 38 39 40 41 42 43 44 45 46 47 48 49 50 
b --> 33 32 31 30 29 28 27 26 25 24 23 22 21 20 19 18 17 16 15 14 13 12 11 10 9 8 7 6 5 4 3 2 1 
------------------------------------------
Exec pa:
a --> 33 34 35 36 37 38 39 40 41 42 43 44 45 46 47 48 49 50 
b --> 32 31 30 29 28 27 26 25 24 23 22 21 20 19 18 17 16 15 14 13 12 11 10 9 8 7 6 5 4 3 2 1 
------------------------------------------
Exec pa:
a --> 32 33 34 35 36 37 38 39 40 41 42 43 44 45 46 47 48 49 50 
b --> 31 30 29 28 27 26 25 24 23 22 21 20 19 18 17 16 15 14 13 12 11 10 9 8 7 6 5 4 3 2 1 
------------------------------------------
Exec pa:
a --> 31 32 33 34 35 36 37 38 39 40 41 42 43 44 45 46 47 48 49 50 
b --> 30 29 28 27 26 25 24 23 22 21 20 19 18 17 16 15 14 13 12 11 10 9 8 7 6 5 4 3 2 1 
------------------------------------------
Exec pa:
a --> 30 31 32 33 34 35 36 37 38 39 40 41 42 43 44 45 46 47 48 49 50 
b --> 29 28 27 26 25 24 23 22 21 20 19 18 17 16 15 14 13 12 11 10 9 8 7 6 5 4 3 2 1 
------------------------------------------
Exec pa:
a --> 29 30 31 32 33 34 35 36 37 38 39 40 41 42 43 44 45 46 47 48 49 50 
b --> 28 27 26 25 24 23 22 21 20 19 18 17 16 15 14 13 12 11 10 9 8 7 6 5 4 3 2 1 
------------------------------------------
Exec pa:
a --> 28 29 30 31 32 33 34 35 36 37 38 39 40 41 42 43 44 45 46 47 48 49 50 
b --> 27 26 25 24 23 22 21 20 19 18 17 16 15 14 13 12 11 10 9 8 7 6 5 4 3 2 1 
------------------------------------------
Exec pa:
a --> 27 28 29 30 31 32 33 34 35 36 37 38 39 40 41 42 43 44 45 46 47 48 49 50 
b --> 26 25 24 23 22 21 20 19 18 17 16 15 14 13 12 11 10 9 8 7 6 5 4 3 2 1 
------------------------------------------
Exec pa:
a --> 26 27 28 29 30 31 32 33 34 35 36 37 38 39 40 41 42 43 44 45 46 47 48 49 50 
b --> 25 24 23 22 21 20 19 18 17 16 15 14 13 12 11 10 9 8 7 6 5 4 3 2 1 
------------------------------------------
Exec pa:
a --> 25 26 27 28 29 30 31 32 33 34 35 36 37 38 39 40 41 42 43 44 45 46 47 48 49 50 
b --> 24 23 22 21 20 19 18 17 16 15 14 13 12 11 10 9 8 7 6 5 4 3 2 1 
------------------------------------------
Exec pa:
a --> 24 25 26 27 28 29 30 31 32 33 34 35 36 37 38 39 40 41 42 43 44 45 46 47 48 49 50 
b --> 23 22 21 20 19 18 17 16 15 14 13 12 11 10 9 8 7 6 5 4 3 2 1 
------------------------------------------
Exec pa:
a --> 23 24 25 26 27 28 29 30 31 32 33 34 35 36 37 38 39 40 41 42 43 44 45 46 47 48 49 50 
b --> 22 21 20 19 18 17 16 15 14 13 12 11 10 9 8 7 6 5 4 3 2 1 
------------------------------------------
Exec pa:
a --> 22 23 24 25 26 27 28 29 30 31 32 33 34 35 36 37 38 39 40 41 42 43 44 45 46 47 48 49 50 
b --> 21 20 19 18 17 16 15 14 13 12 11 10 9 8 7 6 5 4 3 2 1 
------------------------------------------
Exec pa:
a --> 21 22 23 24 25 26 27 28 29 30 31 32 33 34 35 36 37 38 39 40 41 42 43 44 45 46 47 48 49 50 
b --> 20 19 18 17 16 15 14 13 12 11 10 9 8 7 6 5 4 3 2 1 
------------------------------------------
Exec pa:
a --> 20 21 22 23 24 25 26 27 28 29 30 31 32 33 34 35 36 37 38 39 40 41 42 43 44 45 46 47 48 49 50 
b --> 19 18 17 16 15 14 13 12 11 10 9 8 7 6 5 4 3 2 1 
------------------------------------------
Exec pa:
a --> 19 20 21 22 23 24 25 26 27 28 29 30 31 32 33 34 35 36 37 38 39 40 41 42 43 44 45 46 47 48 49 50 
b --> 18 17 16 15 14 13 12 11 10 9 8 7 6 5 4 3 2 1 
------------------------------------------
Exec pa:
a --> 18 19 20 21 22 23 24 25 26 27 28 29 30 31 32 33 34 35 36 37 38 39 40 41 42 43 44 45 46 47 48 49 50 
b --> 17 16 15 14 13 12 11 10 9 8 7 6 5 4 3 2 1 
------------------------------------------
Exec pa:
a --> 17 18 19 20 21 22 23 24 25 26 27 28 29 30 31 32 33 34 35 36 37 38 39 40 41 42 43 44 45 46 47 48 49 50 
b --> 16 15 14 13 12 11 10 9 8 7 6 5 4 3 2 1 
------------------------------------------
Exec pa:
a --> 16 17 18 19 20 21 22 23 24 25 26 27 28 29 30 31 32 33 34 35 36 37 38 39 40 41 42 43 44 45 46 47 48 49 50 
b --> 15 14 13 12 11 10 9 8 7 6 5 4 3 2 1 
------------------------------------------
Exec pa:
a --> 15 16 17 18 19 20 21 22 23 24 25 26 27 28 29 30 31 32 33 34 35 36 37 38 39 40 41 42 43 44 45 46 47 48 49 50 
b --> 14 13 12 11 10 9 8 7 6 5 4 3 2 1 
------------------------------------------
Exec pa:
a --> 14 15 16 17 18 19 20 21 22 23 24 25 26 27 28 29 30 31 32 33 34 35 36 37 38 39 40 41 42 43 44 45 46 47 48 49 50 
b --> 13 12 11 10 9 8 7 6 5 4 3 2 1 
------------------------------------------
Exec pa:
a --> 13 14 15 16 17 18 19 20 21 22 23 24 25 26 27 28 29 30 31 32 33 34 35 36 37 38 39 40 41 42 43 44 45 46 47 48 49 50 
b --> 12 11 10 9 8 7 6 5 4 3 2 1 
------------------------------------------
Exec pa:
a --> 12 13 14 15 16 17 18 19 20 21 22 23 24 25 26 27 28 29 30 31 32 33 34 35 36 37 38 39 40 41 42 43 44 45 46 47 48 49 50 
b --> 11 10 9 8 7 6 5 4 3 2 1 
------------------------------------------
Exec pa:
a --> 11 12 13 14 15 16 17 18 19 20 21 22 23 24 25 26 27 28 29 30 31 32 33 34 35 36 37 38 39 40 41 42 43 44 45 46 47 48 49 50 
b --> 10 9 8 7 6 5 4 3 2 1 
------------------------------------------
Exec pa:
a --> 10 11 12 13 14 15 16 17 18 19 20 21 22 23 24 25 26 27 28 29 30 31 32 33 34 35 36 37 38 39 40 41 42 43 44 45 46 47 48 49 50 
b --> 9 8 7 6 5 4 3 2 1 
------------------------------------------
Exec pa:
a --> 9 10 11 12 13 14 15 16 17 18 19 20 21 22 23 24 25 26 27 28 29 30 31 32 33 34 35 36 37 38 39 40 41 42 43 44 45 46 47 48 49 50 
b --> 8 7 6 5 4 3 2 1 
------------------------------------------
Exec pa:
a --> 8 9 10 11 12 13 14 15 16 17 18 19 20 21 22 23 24 25 26 27 28 29 30 31 32 33 34 35 36 37 38 39 40 41 42 43 44 45 46 47 48 49 50 
b --> 7 6 5 4 3 2 1 
------------------------------------------
Exec pa:
a --> 7 8 9 10 11 12 13 14 15 16 17 18 19 20 21 22 23 24 25 26 27 28 29 30 31 32 33 34 35 36 37 38 39 40 41 42 43 44 45 46 47 48 49 50 
b --> 6 5 4 3 2 1 
------------------------------------------
Exec pa:
a --> 6 7 8 9 10 11 12 13 14 15 16 17 18 19 20 21 22 23 24 25 26 27 28 29 30 31 32 33 34 35 36 37 38 39 40 41 42 43 44 45 46 47 48 49 50 
b --> 5 4 3 2 1 
------------------------------------------
Exec pa:
a --> 5 6 7 8 9 10 11 12 13 14 15 16 17 18 19 20 21 22 23 24 25 26 27 28 29 30 31 32 33 34 35 36 37 38 39 40 41 42 43 44 45 46 47 48 49 50 
b --> 4 3 2 1 
------------------------------------------
Exec pa:
a --> 4 5 6 7 8 9 10 11 12 13 14 15 16 17 18 19 20 21 22 23 24 25 26 27 28 29 30 31 32 33 34 35 36 37 38 39 40 41 42 43 44 45 46 47 48 49 50 
b --> 3 2 1 
------------------------------------------
Exec pa:
a --> 3 4 5 6 7 8 9 10 11 12 13 14 15 16 17 18 19 20 21 22 23 24 25 26 27 28 29 30 31 32 33 34 35 36 37 38 39 40 41 42 43 44 45 46 47 48 49 50 
b --> 2 1 
------------------------------------------
Exec pa:
a --> 2 3 4 5 6 7 8 9 10 11 12 13 14 15 16 17 18 19 20 21 22 23 24 25 26 27 28 29 30 31 32 33 34 35 36 37 38 39 40 41 42 43 44 45 46 47 48 49 50 
b --> 1 
------------------------------------------
Exec pa:
a --> 1 2 3 4 5 6 7 8 9 10 11 12 13 14 15 16 17 18 19 20 21 22 23 24 25 26 27 28 29 30 31 32 33 34 35 36 37 38 39 40 41 42 43 44 45 46 47 48 49 50 
b --> 
------------------------------------------
420
